Datetime,Close,High,Low,Open,Volume
2025-06-27 04:00:00+00:00,65.54000091552734,65.54000091552734,65.51000213623047,65.52999877929688,0.0
2025-06-27 04:01:00+00:00,65.54000091552734,65.55000305175781,65.54000091552734,65.55000305175781,10.0
2025-06-27 04:02:00+00:00,65.52999877929688,65.54000091552734,65.52999877929688,65.54000091552734,36.0
2025-06-27 04:03:00+00:00,65.55000305175781,65.55000305175781,65.54000091552734,65.54000091552734,17.0
2025-06-27 04:04:00+00:00,65.55999755859375,65.55999755859375,65.55000305175781,65.55000305175781,22.0
2025-06-27 04:05:00+00:00,65.55999755859375,65.55999755859375,65.55999755859375,65.55999755859375,5.0
2025-06-27 04:06:00+00:00,65.56999969482422,65.56999969482422,65.55999755859375,65.55999755859375,3.0
2025-06-27 04:07:00+00:00,65.61000061035156,65.61000061035156,65.58000183105469,65.58000183105469,18.0
2025-06-27 04:08:00+00:00,65.61000061035156,65.61000061035156,65.61000061035156,65.61000061035156,7.0
2025-06-27 04:09:00+00:00,65.62999725341797,65.62999725341797,65.61000061035156,65.61000061035156,32.0
2025-06-27 04:10:00+00:00,65.5999984741211,65.62000274658203,65.58000183105469,65.62000274658203,59.0
2025-06-27 04:11:00+00:00,65.5999984741211,65.5999984741211,65.5999984741211,65.5999984741211,14.0
2025-06-27 04:12:00+00:00,65.61000061035156,65.61000061035156,65.5999984741211,65.5999984741211,10.0
2025-06-27 04:13:00+00:00,65.62000274658203,65.62000274658203,65.5999984741211,65.61000061035156,13.0
2025-06-27 04:14:00+00:00,65.62999725341797,65.62999725341797,65.61000061035156,65.61000061035156,22.0
2025-06-27 04:15:00+00:00,65.62999725341797,65.6500015258789,65.62999725341797,65.62999725341797,34.0
2025-06-27 04:16:00+00:00,65.63999938964844,65.63999938964844,65.62999725341797,65.62999725341797,4.0
2025-06-27 04:17:00+00:00,65.63999938964844,65.63999938964844,65.63999938964844,65.63999938964844,8.0
2025-06-27 04:18:00+00:00,65.66000366210938,65.66999816894531,65.6500015258789,65.6500015258789,13.0
2025-06-27 04:19:00+00:00,65.63999938964844,65.66999816894531,65.63999938964844,65.66999816894531,13.0
2025-06-27 04:20:00+00:00,65.63999938964844,65.66000366210938,65.63999938964844,65.6500015258789,11.0
2025-06-27 04:21:00+00:00,65.6500015258789,65.6500015258789,65.63999938964844,65.63999938964844,2.0
2025-06-27 04:22:00+00:00,65.66000366210938,65.66000366210938,65.66000366210938,65.66000366210938,2.0
2025-06-27 04:23:00+00:00,65.66999816894531,65.68000030517578,65.66000366210938,65.66000366210938,19.0
2025-06-27 04:24:00+00:00,65.68000030517578,65.68000030517578,65.66999816894531,65.66999816894531,29.0
2025-06-27 04:25:00+00:00,65.68000030517578,65.68000030517578,65.68000030517578,65.68000030517578,2.0
2025-06-27 04:26:00+00:00,65.6500015258789,65.66999816894531,65.6500015258789,65.66999816894531,24.0
2025-06-27 04:27:00+00:00,65.62999725341797,65.63999938964844,65.62999725341797,65.63999938964844,12.0
2025-06-27 04:28:00+00:00,65.63999938964844,65.63999938964844,65.62999725341797,65.62999725341797,5.0
2025-06-27 04:29:00+00:00,65.63999938964844,65.63999938964844,65.63999938964844,65.63999938964844,4.0
2025-06-27 04:30:00+00:00,65.61000061035156,65.63999938964844,65.61000061035156,65.63999938964844,36.0
2025-06-27 04:31:00+00:00,65.62999725341797,65.62999725341797,65.61000061035156,65.61000061035156,7.0
2025-06-27 04:32:00+00:00,65.62000274658203,65.62000274658203,65.62000274658203,65.62000274658203,5.0
2025-06-27 04:33:00+00:00,65.62999725341797,65.62999725341797,65.62999725341797,65.62999725341797,4.0
2025-06-27 04:34:00+00:00,65.62000274658203,65.62000274658203,65.62000274658203,65.62000274658203,4.0
2025-06-27 04:35:00+00:00,65.62000274658203,65.62000274658203,65.62000274658203,65.62000274658203,1.0
2025-06-27 04:36:00+00:00,65.62999725341797,65.62999725341797,65.62999725341797,65.62999725341797,10.0
2025-06-27 04:37:00+00:00,65.62999725341797,65.63999938964844,65.62999725341797,65.63999938964844,14.0
2025-06-27 04:38:00+00:00,65.62000274658203,65.62999725341797,65.62000274658203,65.62999725341797,12.0
2025-06-27 04:39:00+00:00,65.62999725341797,65.62999725341797,65.62999725341797,65.62999725341797,2.0
2025-06-27 04:40:00+00:00,65.62999725341797,65.63999938964844,65.62999725341797,65.63999938964844,15.0
2025-06-27 04:41:00+00:00,65.62999725341797,65.62999725341797,65.62000274658203,65.62000274658203,6.0
2025-06-27 04:42:00+00:00,65.62999725341797,65.62999725341797,65.62999725341797,65.62999725341797,1.0
2025-06-27 04:43:00+00:00,,,,,
2025-06-27 04:44:00+00:00,,,,,
2025-06-27 04:45:00+00:00,65.62999725341797,65.62999725341797,65.62999725341797,65.62999725341797,2.0
2025-06-27 04:46:00+00:00,65.62999725341797,65.62999725341797,65.62999725341797,65.62999725341797,1.0
2025-06-27 04:47:00+00:00,,,,,
2025-06-27 04:48:00+00:00,65.6500015258789,65.6500015258789,65.63999938964844,65.63999938964844,11.0
2025-06-27 04:49:00+00:00,65.6500015258789,65.6500015258789,65.6500015258789,65.6500015258789,1.0
2025-06-27 04:50:00+00:00,65.63999938964844,65.6500015258789,65.63999938964844,65.6500015258789,16.0
2025-06-27 04:51:00+00:00,65.63999938964844,65.6500015258789,65.63999938964844,65.6500015258789,9.0
2025-06-27 04:52:00+00:00,65.63999938964844,65.63999938964844,65.62000274658203,65.62999725341797,17.0
2025-06-27 04:53:00+00:00,65.62999725341797,65.62999725341797,65.62999725341797,65.62999725341797,2.0
2025-06-27 04:54:00+00:00,,,,,
2025-06-27 04:55:00+00:00,65.62999725341797,65.62999725341797,65.62999725341797,65.62999725341797,3.0
2025-06-27 04:56:00+00:00,65.62000274658203,65.62999725341797,65.62000274658203,65.62999725341797,3.0
2025-06-27 04:57:00+00:00,65.62000274658203,65.62999725341797,65.62000274658203,65.62000274658203,8.0
2025-06-27 04:58:00+00:00,65.5999984741211,65.61000061035156,65.58999633789062,65.61000061035156,21.0
2025-06-27 04:59:00+00:00,65.62000274658203,65.62000274658203,65.5999984741211,65.5999984741211,13.0
2025-06-27 05:00:00+00:00,65.61000061035156,65.62000274658203,65.61000061035156,65.61000061035156,7.0
2025-06-27 05:01:00+00:00,65.58000183105469,65.5999984741211,65.58000183105469,65.5999984741211,42.0
2025-06-27 05:02:00+00:00,65.5999984741211,65.61000061035156,65.58000183105469,65.58000183105469,31.0
2025-06-27 05:03:00+00:00,65.61000061035156,65.61000061035156,65.61000061035156,65.61000061035156,3.0
2025-06-27 05:04:00+00:00,65.62999725341797,65.62999725341797,65.61000061035156,65.61000061035156,26.0
2025-06-27 05:05:00+00:00,,,,,
2025-06-27 05:06:00+00:00,65.66000366210938,65.66999816894531,65.63999938964844,65.63999938964844,15.0
2025-06-27 05:07:00+00:00,65.69000244140625,65.69999694824219,65.66000366210938,65.66000366210938,28.0
2025-06-27 05:08:00+00:00,65.72000122070312,65.72000122070312,65.66999816894531,65.69000244140625,45.0
2025-06-27 05:09:00+00:00,65.72000122070312,65.72000122070312,65.69000244140625,65.72000122070312,58.0
2025-06-27 05:10:00+00:00,65.69000244140625,65.72000122070312,65.68000030517578,65.72000122070312,56.0
2025-06-27 05:11:00+00:00,65.66999816894531,65.68000030517578,65.66000366210938,65.68000030517578,28.0
2025-06-27 05:12:00+00:00,65.66000366210938,65.66000366210938,65.66000366210938,65.66000366210938,5.0
2025-06-27 05:13:00+00:00,65.6500015258789,65.66999816894531,65.6500015258789,65.66999816894531,8.0
2025-06-27 05:14:00+00:00,65.68000030517578,65.69000244140625,65.6500015258789,65.6500015258789,10.0
2025-06-27 05:15:00+00:00,65.70999908447266,65.70999908447266,65.68000030517578,65.69000244140625,62.0
2025-06-27 05:16:00+00:00,65.68000030517578,65.70999908447266,65.68000030517578,65.70999908447266,13.0
2025-06-27 05:17:00+00:00,65.68000030517578,65.68000030517578,65.68000030517578,65.68000030517578,6.0
2025-06-27 05:18:00+00:00,65.70999908447266,65.70999908447266,65.66999816894531,65.66999816894531,24.0
2025-06-27 05:19:00+00:00,65.69000244140625,65.69000244140625,65.69000244140625,65.69000244140625,1.0
2025-06-27 05:20:00+00:00,65.66999816894531,65.68000030517578,65.66999816894531,65.68000030517578,3.0
2025-06-27 05:21:00+00:00,65.69000244140625,65.69000244140625,65.69000244140625,65.69000244140625,3.0
2025-06-27 05:22:00+00:00,65.66999816894531,65.66999816894531,65.66999816894531,65.66999816894531,1.0
2025-06-27 05:23:00+00:00,65.66999816894531,65.66999816894531,65.66999816894531,65.66999816894531,4.0
2025-06-27 05:24:00+00:00,65.66000366210938,65.66999816894531,65.66000366210938,65.66999816894531,11.0
2025-06-27 05:25:00+00:00,65.63999938964844,65.6500015258789,65.63999938964844,65.6500015258789,9.0
2025-06-27 05:26:00+00:00,65.6500015258789,65.6500015258789,65.63999938964844,65.63999938964844,9.0
2025-06-27 05:27:00+00:00,65.68000030517578,65.69999694824219,65.63999938964844,65.6500015258789,49.0
2025-06-27 05:28:00+00:00,65.69999694824219,65.70999908447266,65.69000244140625,65.69000244140625,33.0
2025-06-27 05:29:00+00:00,65.70999908447266,65.7300033569336,65.70999908447266,65.72000122070312,37.0
2025-06-27 05:30:00+00:00,65.68000030517578,65.72000122070312,65.66999816894531,65.70999908447266,37.0
2025-06-27 05:31:00+00:00,65.68000030517578,65.68000030517578,65.68000030517578,65.68000030517578,2.0
2025-06-27 05:32:00+00:00,65.68000030517578,65.68000030517578,65.66999816894531,65.66999816894531,4.0
2025-06-27 05:33:00+00:00,65.70999908447266,65.72000122070312,65.66999816894531,65.66999816894531,34.0
2025-06-27 05:34:00+00:00,65.69999694824219,65.7300033569336,65.69000244140625,65.69999694824219,36.0
2025-06-27 05:35:00+00:00,65.68000030517578,65.70999908447266,65.66999816894531,65.69000244140625,14.0
2025-06-27 05:36:00+00:00,65.69000244140625,65.69000244140625,65.69000244140625,65.69000244140625,3.0
2025-06-27 05:37:00+00:00,65.69999694824219,65.69999694824219,65.68000030517578,65.69000244140625,6.0
2025-06-27 05:38:00+00:00,65.69999694824219,65.70999908447266,65.69999694824219,65.69999694824219,11.0
2025-06-27 05:39:00+00:00,65.69999694824219,65.70999908447266,65.69999694824219,65.70999908447266,11.0
2025-06-27 05:40:00+00:00,65.69000244140625,65.69999694824219,65.69000244140625,65.69999694824219,21.0
2025-06-27 05:41:00+00:00,65.6500015258789,65.69000244140625,65.6500015258789,65.69000244140625,21.0
2025-06-27 05:42:00+00:00,65.66000366210938,65.66000366210938,65.6500015258789,65.6500015258789,30.0
2025-06-27 05:43:00+00:00,65.63999938964844,65.66999816894531,65.63999938964844,65.6500015258789,32.0
2025-06-27 05:44:00+00:00,65.6500015258789,65.6500015258789,65.6500015258789,65.6500015258789,4.0
2025-06-27 05:45:00+00:00,65.6500015258789,65.66000366210938,65.6500015258789,65.66000366210938,6.0
2025-06-27 05:46:00+00:00,65.62999725341797,65.6500015258789,65.62000274658203,65.6500015258789,15.0
2025-06-27 05:47:00+00:00,65.63999938964844,65.6500015258789,65.63999938964844,65.63999938964844,20.0
2025-06-27 05:48:00+00:00,65.62999725341797,65.63999938964844,65.62999725341797,65.63999938964844,15.0
2025-06-27 05:49:00+00:00,65.62999725341797,65.62999725341797,65.62000274658203,65.62999725341797,17.0
2025-06-27 05:50:00+00:00,65.66999816894531,65.68000030517578,65.62999725341797,65.63999938964844,36.0
2025-06-27 05:51:00+00:00,65.66999816894531,65.68000030517578,65.66999816894531,65.66999816894531,6.0
2025-06-27 05:52:00+00:00,65.66999816894531,65.68000030517578,65.66000366210938,65.66999816894531,25.0
2025-06-27 05:53:00+00:00,65.66999816894531,65.66999816894531,65.66999816894531,65.66999816894531,1.0
2025-06-27 05:54:00+00:00,65.63999938964844,65.6500015258789,65.63999938964844,65.6500015258789,14.0
2025-06-27 05:55:00+00:00,65.61000061035156,65.63999938964844,65.61000061035156,65.62999725341797,13.0
2025-06-27 05:56:00+00:00,65.58999633789062,65.62000274658203,65.58999633789062,65.62000274658203,34.0
2025-06-27 05:57:00+00:00,65.6500015258789,65.6500015258789,65.5999984741211,65.5999984741211,33.0
2025-06-27 05:58:00+00:00,65.62999725341797,65.6500015258789,65.62999725341797,65.6500015258789,23.0
2025-06-27 05:59:00+00:00,65.66000366210938,65.66000366210938,65.63999938964844,65.6500015258789,11.0
2025-06-27 06:00:00+00:00,65.63999938964844,65.69000244140625,65.62000274658203,65.68000030517578,31.0
2025-06-27 06:01:00+00:00,65.62000274658203,65.62999725341797,65.62000274658203,65.62999725341797,16.0
2025-06-27 06:02:00+00:00,65.6500015258789,65.6500015258789,65.62000274658203,65.62000274658203,19.0
2025-06-27 06:03:00+00:00,65.69000244140625,65.70999908447266,65.66000366210938,65.66000366210938,20.0
2025-06-27 06:04:00+00:00,65.68000030517578,65.69999694824219,65.66999816894531,65.69999694824219,25.0
2025-06-27 06:05:00+00:00,65.66000366210938,65.68000030517578,65.6500015258789,65.68000030517578,16.0
2025-06-27 06:06:00+00:00,65.66000366210938,65.66000366210938,65.66000366210938,65.66000366210938,1.0
2025-06-27 06:07:00+00:00,65.66999816894531,65.68000030517578,65.66000366210938,65.66000366210938,27.0
2025-06-27 06:08:00+00:00,65.6500015258789,65.66999816894531,65.63999938964844,65.66999816894531,19.0
2025-06-27 06:09:00+00:00,65.66000366210938,65.66000366210938,65.66000366210938,65.66000366210938,6.0
2025-06-27 06:10:00+00:00,65.66999816894531,65.66999816894531,65.66000366210938,65.66000366210938,24.0
2025-06-27 06:11:00+00:00,65.68000030517578,65.68000030517578,65.66000366210938,65.66999816894531,12.0
2025-06-27 06:12:00+00:00,65.73999786376953,65.76000213623047,65.69000244140625,65.69000244140625,120.0
2025-06-27 06:13:00+00:00,65.7300033569336,65.76000213623047,65.7300033569336,65.73999786376953,61.0
2025-06-27 06:14:00+00:00,65.7300033569336,65.7300033569336,65.72000122070312,65.7300033569336,26.0
2025-06-27 06:15:00+00:00,65.6500015258789,65.7300033569336,65.6500015258789,65.7300033569336,53.0
2025-06-27 06:16:00+00:00,65.66000366210938,65.68000030517578,65.6500015258789,65.6500015258789,33.0
2025-06-27 06:17:00+00:00,65.70999908447266,65.70999908447266,65.66999816894531,65.66999816894531,9.0
2025-06-27 06:18:00+00:00,65.7300033569336,65.7300033569336,65.69000244140625,65.69999694824219,24.0
2025-06-27 06:19:00+00:00,65.69000244140625,65.7300033569336,65.69000244140625,65.7300033569336,35.0
2025-06-27 06:20:00+00:00,65.66000366210938,65.69000244140625,65.66000366210938,65.69000244140625,10.0
2025-06-27 06:21:00+00:00,65.68000030517578,65.68000030517578,65.66000366210938,65.66000366210938,14.0
2025-06-27 06:22:00+00:00,65.68000030517578,65.68000030517578,65.6500015258789,65.66999816894531,13.0
2025-06-27 06:23:00+00:00,65.66999816894531,65.68000030517578,65.66000366210938,65.66999816894531,11.0
2025-06-27 06:24:00+00:00,65.66999816894531,65.69000244140625,65.66000366210938,65.66999816894531,38.0
2025-06-27 06:25:00+00:00,65.62000274658203,65.66000366210938,65.62000274658203,65.66000366210938,46.0
2025-06-27 06:26:00+00:00,65.61000061035156,65.62999725341797,65.61000061035156,65.62999725341797,29.0
2025-06-27 06:27:00+00:00,65.56999969482422,65.61000061035156,65.55000305175781,65.5999984741211,396.0
2025-06-27 06:28:00+00:00,65.55999755859375,65.56999969482422,65.55999755859375,65.56999969482422,27.0
2025-06-27 06:29:00+00:00,65.56999969482422,65.58000183105469,65.55000305175781,65.56999969482422,57.0
2025-06-27 06:30:00+00:00,65.55999755859375,65.5999984741211,65.55999755859375,65.58000183105469,71.0
2025-06-27 06:31:00+00:00,65.58000183105469,65.5999984741211,65.55999755859375,65.56999969482422,28.0
2025-06-27 06:32:00+00:00,65.55000305175781,65.58999633789062,65.55000305175781,65.56999969482422,28.0
2025-06-27 06:33:00+00:00,65.5999984741211,65.61000061035156,65.52999877929688,65.55000305175781,71.0
2025-06-27 06:34:00+00:00,65.5999984741211,65.62999725341797,65.5999984741211,65.61000061035156,39.0
2025-06-27 06:35:00+00:00,65.58000183105469,65.5999984741211,65.58000183105469,65.5999984741211,24.0
2025-06-27 06:36:00+00:00,65.56999969482422,65.5999984741211,65.56999969482422,65.56999969482422,108.0
2025-06-27 06:37:00+00:00,65.56999969482422,65.56999969482422,65.56999969482422,65.56999969482422,13.0
2025-06-27 06:38:00+00:00,65.56999969482422,65.56999969482422,65.54000091552734,65.55999755859375,14.0
2025-06-27 06:39:00+00:00,65.56999969482422,65.56999969482422,65.52999877929688,65.55000305175781,36.0
2025-06-27 06:40:00+00:00,65.55000305175781,65.58000183105469,65.54000091552734,65.56999969482422,33.0
2025-06-27 06:41:00+00:00,65.56999969482422,65.56999969482422,65.52999877929688,65.55000305175781,54.0
2025-06-27 06:42:00+00:00,65.56999969482422,65.56999969482422,65.55999755859375,65.56999969482422,32.0
2025-06-27 06:43:00+00:00,65.52999877929688,65.56999969482422,65.52999877929688,65.56999969482422,29.0
2025-06-27 06:44:00+00:00,65.55000305175781,65.55999755859375,65.52999877929688,65.54000091552734,53.0
2025-06-27 06:45:00+00:00,65.5999984741211,65.5999984741211,65.55000305175781,65.55000305175781,91.0
2025-06-27 06:46:00+00:00,65.62000274658203,65.62000274658203,65.58999633789062,65.58999633789062,27.0
2025-06-27 06:47:00+00:00,65.5999984741211,65.62999725341797,65.5999984741211,65.61000061035156,26.0
2025-06-27 06:48:00+00:00,65.61000061035156,65.62000274658203,65.58999633789062,65.58999633789062,30.0
2025-06-27 06:49:00+00:00,65.58999633789062,65.62999725341797,65.58000183105469,65.5999984741211,56.0
2025-06-27 06:50:00+00:00,65.55000305175781,65.58999633789062,65.55000305175781,65.58999633789062,23.0
2025-06-27 06:51:00+00:00,65.58000183105469,65.58000183105469,65.54000091552734,65.55999755859375,34.0
2025-06-27 06:52:00+00:00,65.58999633789062,65.58999633789062,65.56999969482422,65.56999969482422,25.0
2025-06-27 06:53:00+00:00,65.58000183105469,65.58999633789062,65.55000305175781,65.56999969482422,26.0
2025-06-27 06:54:00+00:00,65.55999755859375,65.58999633789062,65.55999755859375,65.58999633789062,19.0
2025-06-27 06:55:00+00:00,65.62000274658203,65.62000274658203,65.58000183105469,65.58999633789062,23.0
2025-06-27 06:56:00+00:00,65.58999633789062,65.62999725341797,65.58999633789062,65.61000061035156,28.0
2025-06-27 06:57:00+00:00,65.56999969482422,65.58999633789062,65.56999969482422,65.58999633789062,19.0
2025-06-27 06:58:00+00:00,65.55000305175781,65.56999969482422,65.55000305175781,65.55999755859375,26.0
2025-06-27 06:59:00+00:00,65.58999633789062,65.58999633789062,65.55999755859375,65.55999755859375,73.0
2025-06-27 07:00:00+00:00,65.55000305175781,65.62000274658203,65.52999877929688,65.5999984741211,85.0
2025-06-27 07:01:00+00:00,65.5999984741211,65.62000274658203,65.55999755859375,65.55999755859375,44.0
2025-06-27 07:02:00+00:00,65.69000244140625,65.69000244140625,65.5999984741211,65.61000061035156,64.0
2025-06-27 07:03:00+00:00,65.69999694824219,65.72000122070312,65.68000030517578,65.69999694824219,100.0
2025-06-27 07:04:00+00:00,65.79000091552734,65.80999755859375,65.72000122070312,65.72000122070312,212.0
2025-06-27 07:05:00+00:00,65.81999969482422,65.87000274658203,65.7699966430664,65.79000091552734,259.0
2025-06-27 07:06:00+00:00,65.79000091552734,65.81999969482422,65.77999877929688,65.80000305175781,56.0
2025-06-27 07:07:00+00:00,65.73999786376953,65.79000091552734,65.73999786376953,65.79000091552734,78.0
2025-06-27 07:08:00+00:00,65.73999786376953,65.73999786376953,65.72000122070312,65.73999786376953,33.0
2025-06-27 07:09:00+00:00,65.68000030517578,65.75,65.68000030517578,65.7300033569336,50.0
2025-06-27 07:10:00+00:00,65.72000122070312,65.7300033569336,65.66999816894531,65.69000244140625,63.0
2025-06-27 07:11:00+00:00,65.70999908447266,65.7300033569336,65.70999908447266,65.70999908447266,22.0
2025-06-27 07:12:00+00:00,65.7699966430664,65.7699966430664,65.70999908447266,65.72000122070312,40.0
2025-06-27 07:13:00+00:00,65.75,65.76000213623047,65.75,65.76000213623047,16.0
2025-06-27 07:14:00+00:00,65.75,65.76000213623047,65.73999786376953,65.76000213623047,31.0
2025-06-27 07:15:00+00:00,65.7300033569336,65.73999786376953,65.69999694824219,65.73999786376953,59.0
2025-06-27 07:16:00+00:00,65.72000122070312,65.72000122070312,65.69999694824219,65.72000122070312,109.0
2025-06-27 07:17:00+00:00,65.77999877929688,65.80000305175781,65.7300033569336,65.7300033569336,148.0
2025-06-27 07:18:00+00:00,65.77999877929688,65.80000305175781,65.76000213623047,65.77999877929688,196.0
2025-06-27 07:19:00+00:00,65.76000213623047,65.77999877929688,65.76000213623047,65.77999877929688,20.0
2025-06-27 07:20:00+00:00,65.77999877929688,65.77999877929688,65.75,65.7699966430664,41.0
2025-06-27 07:21:00+00:00,65.79000091552734,65.80000305175781,65.79000091552734,65.79000091552734,15.0
2025-06-27 07:22:00+00:00,65.80999755859375,65.83999633789062,65.80000305175781,65.80000305175781,63.0
2025-06-27 07:23:00+00:00,65.7699966430664,65.81999969482422,65.76000213623047,65.81999969482422,40.0
2025-06-27 07:24:00+00:00,65.77999877929688,65.79000091552734,65.75,65.76000213623047,49.0
2025-06-27 07:25:00+00:00,65.75,65.7699966430664,65.73999786376953,65.7699966430664,36.0
2025-06-27 07:26:00+00:00,65.76000213623047,65.77999877929688,65.75,65.75,32.0
2025-06-27 07:27:00+00:00,65.76000213623047,65.7699966430664,65.76000213623047,65.76000213623047,14.0
2025-06-27 07:28:00+00:00,65.75,65.76000213623047,65.73999786376953,65.76000213623047,30.0
2025-06-27 07:29:00+00:00,65.75,65.76000213623047,65.73999786376953,65.73999786376953,14.0
2025-06-27 07:30:00+00:00,65.7699966430664,65.77999877929688,65.76000213623047,65.76000213623047,58.0
2025-06-27 07:31:00+00:00,65.69999694824219,65.77999877929688,65.69000244140625,65.7699966430664,188.0
2025-06-27 07:32:00+00:00,65.70999908447266,65.73999786376953,65.68000030517578,65.70999908447266,155.0
2025-06-27 07:33:00+00:00,65.72000122070312,65.72000122070312,65.69999694824219,65.72000122070312,32.0
2025-06-27 07:34:00+00:00,65.72000122070312,65.75,65.69999694824219,65.70999908447266,52.0
2025-06-27 07:35:00+00:00,65.69999694824219,65.70999908447266,65.69999694824219,65.70999908447266,15.0
2025-06-27 07:36:00+00:00,65.68000030517578,65.69000244140625,65.66000366210938,65.69000244140625,69.0
2025-06-27 07:37:00+00:00,65.70999908447266,65.70999908447266,65.66999816894531,65.66999816894531,22.0
2025-06-27 07:38:00+00:00,65.66999816894531,65.69000244140625,65.66000366210938,65.69000244140625,59.0
2025-06-27 07:39:00+00:00,65.5999984741211,65.66000366210938,65.58000183105469,65.66000366210938,92.0
2025-06-27 07:40:00+00:00,65.58000183105469,65.61000061035156,65.54000091552734,65.61000061035156,74.0
2025-06-27 07:41:00+00:00,65.58999633789062,65.5999984741211,65.55999755859375,65.58999633789062,38.0
2025-06-27 07:42:00+00:00,65.61000061035156,65.62999725341797,65.58000183105469,65.58999633789062,23.0
2025-06-27 07:43:00+00:00,65.63999938964844,65.66999816894531,65.61000061035156,65.61000061035156,90.0
2025-06-27 07:44:00+00:00,65.62999725341797,65.63999938964844,65.61000061035156,65.63999938964844,16.0
2025-06-27 07:45:00+00:00,65.63999938964844,65.63999938964844,65.62000274658203,65.62999725341797,19.0
2025-06-27 07:46:00+00:00,65.6500015258789,65.66000366210938,65.62000274658203,65.6500015258789,14.0
2025-06-27 07:47:00+00:00,65.5999984741211,65.66999816894531,65.58999633789062,65.66000366210938,63.0
2025-06-27 07:48:00+00:00,65.58000183105469,65.5999984741211,65.55999755859375,65.5999984741211,54.0
2025-06-27 07:49:00+00:00,65.55000305175781,65.5999984741211,65.54000091552734,65.58000183105469,75.0
2025-06-27 07:50:00+00:00,65.56999969482422,65.58999633789062,65.55000305175781,65.55999755859375,113.0
2025-06-27 07:51:00+00:00,65.55999755859375,65.58000183105469,65.54000091552734,65.58000183105469,40.0
2025-06-27 07:52:00+00:00,65.56999969482422,65.58000183105469,65.55000305175781,65.55000305175781,25.0
2025-06-27 07:53:00+00:00,65.56999969482422,65.58000183105469,65.54000091552734,65.58000183105469,32.0
2025-06-27 07:54:00+00:00,65.5999984741211,65.61000061035156,65.54000091552734,65.55999755859375,67.0
2025-06-27 07:55:00+00:00,65.63999938964844,65.66999816894531,65.58000183105469,65.58999633789062,53.0
2025-06-27 07:56:00+00:00,65.6500015258789,65.6500015258789,65.5999984741211,65.62000274658203,94.0
2025-06-27 07:57:00+00:00,65.61000061035156,65.6500015258789,65.58999633789062,65.6500015258789,32.0
2025-06-27 07:58:00+00:00,65.58999633789062,65.62999725341797,65.58999633789062,65.61000061035156,46.0
2025-06-27 07:59:00+00:00,65.61000061035156,65.61000061035156,65.56999969482422,65.58999633789062,69.0
2025-06-27 08:00:00+00:00,65.6500015258789,65.69999694824219,65.61000061035156,65.62000274658203,134.0
2025-06-27 08:01:00+00:00,65.68000030517578,65.68000030517578,65.62000274658203,65.66000366210938,41.0
2025-06-27 08:02:00+00:00,65.66999816894531,65.69000244140625,65.66000366210938,65.66999816894531,40.0
2025-06-27 08:03:00+00:00,65.62999725341797,65.66999816894531,65.61000061035156,65.66000366210938,80.0
2025-06-27 08:04:00+00:00,65.66000366210938,65.66000366210938,65.62000274658203,65.63999938964844,78.0
2025-06-27 08:05:00+00:00,65.63999938964844,65.66000366210938,65.62000274658203,65.6500015258789,120.0
2025-06-27 08:06:00+00:00,65.63999938964844,65.66000366210938,65.58000183105469,65.6500015258789,82.0
2025-06-27 08:07:00+00:00,65.66999816894531,65.66999816894531,65.62000274658203,65.63999938964844,71.0
2025-06-27 08:08:00+00:00,65.6500015258789,65.68000030517578,65.63999938964844,65.66999816894531,96.0
2025-06-27 08:09:00+00:00,65.66999816894531,65.66999816894531,65.63999938964844,65.6500015258789,47.0
2025-06-27 08:10:00+00:00,65.66000366210938,65.66999816894531,65.6500015258789,65.66000366210938,65.0
2025-06-27 08:11:00+00:00,65.62999725341797,65.66000366210938,65.5999984741211,65.66000366210938,65.0
2025-06-27 08:12:00+00:00,65.63999938964844,65.6500015258789,65.5999984741211,65.62999725341797,59.0
2025-06-27 08:13:00+00:00,65.69999694824219,65.69999694824219,65.63999938964844,65.63999938964844,101.0
2025-06-27 08:14:00+00:00,65.69999694824219,65.7300033569336,65.69000244140625,65.70999908447266,57.0
2025-06-27 08:15:00+00:00,65.70999908447266,65.73999786376953,65.69999694824219,65.69999694824219,86.0
2025-06-27 08:16:00+00:00,65.72000122070312,65.73999786376953,65.66999816894531,65.69999694824219,97.0
2025-06-27 08:17:00+00:00,65.69000244140625,65.7300033569336,65.66999816894531,65.72000122070312,118.0
2025-06-27 08:18:00+00:00,65.76000213623047,65.76000213623047,65.69999694824219,65.69999694824219,218.0
2025-06-27 08:19:00+00:00,65.77999877929688,65.80000305175781,65.76000213623047,65.76000213623047,111.0
2025-06-27 08:20:00+00:00,65.7699966430664,65.81999969482422,65.7699966430664,65.79000091552734,69.0
2025-06-27 08:21:00+00:00,65.7699966430664,65.80999755859375,65.7699966430664,65.79000091552734,71.0
2025-06-27 08:22:00+00:00,65.76000213623047,65.79000091552734,65.76000213623047,65.7699966430664,61.0
2025-06-27 08:23:00+00:00,65.73999786376953,65.7699966430664,65.72000122070312,65.76000213623047,73.0
2025-06-27 08:24:00+00:00,65.75,65.76000213623047,65.70999908447266,65.73999786376953,70.0
2025-06-27 08:25:00+00:00,65.69999694824219,65.7699966430664,65.69999694824219,65.75,113.0
2025-06-27 08:26:00+00:00,65.69999694824219,65.72000122070312,65.69000244140625,65.70999908447266,43.0
2025-06-27 08:27:00+00:00,65.72000122070312,65.72000122070312,65.69999694824219,65.69999694824219,25.0
2025-06-27 08:28:00+00:00,65.7300033569336,65.73999786376953,65.69999694824219,65.72000122070312,77.0
2025-06-27 08:29:00+00:00,65.75,65.80000305175781,65.7300033569336,65.7300033569336,245.0
2025-06-27 08:30:00+00:00,65.83999633789062,65.8499984741211,65.7300033569336,65.75,401.0
2025-06-27 08:31:00+00:00,65.80999755859375,65.8499984741211,65.79000091552734,65.8499984741211,132.0
2025-06-27 08:32:00+00:00,65.8499984741211,65.8499984741211,65.81999969482422,65.81999969482422,93.0
2025-06-27 08:33:00+00:00,65.9000015258789,65.91000366210938,65.83999633789062,65.83999633789062,227.0
2025-06-27 08:34:00+00:00,65.87000274658203,65.91000366210938,65.86000061035156,65.9000015258789,105.0
2025-06-27 08:35:00+00:00,65.88999938964844,65.9000015258789,65.87000274658203,65.87000274658203,102.0
2025-06-27 08:36:00+00:00,65.87000274658203,65.88999938964844,65.86000061035156,65.87999725341797,55.0
2025-06-27 08:37:00+00:00,65.87000274658203,65.87000274658203,65.83000183105469,65.87000274658203,38.0
2025-06-27 08:38:00+00:00,65.87999725341797,65.9000015258789,65.87000274658203,65.87000274658203,87.0
2025-06-27 08:39:00+00:00,65.9000015258789,65.91000366210938,65.87000274658203,65.87999725341797,52.0
2025-06-27 08:40:00+00:00,65.91000366210938,65.91999816894531,65.87000274658203,65.9000015258789,151.0
2025-06-27 08:41:00+00:00,65.9000015258789,65.9000015258789,65.88999938964844,65.9000015258789,31.0
2025-06-27 08:42:00+00:00,65.9000015258789,65.91999816894531,65.87999725341797,65.88999938964844,51.0
2025-06-27 08:43:00+00:00,65.91999816894531,65.93000030517578,65.88999938964844,65.88999938964844,67.0
2025-06-27 08:44:00+00:00,65.9000015258789,65.94000244140625,65.9000015258789,65.93000030517578,100.0
2025-06-27 08:45:00+00:00,65.86000061035156,65.91000366210938,65.8499984741211,65.9000015258789,79.0
2025-06-27 08:46:00+00:00,65.83999633789062,65.86000061035156,65.81999969482422,65.8499984741211,88.0
2025-06-27 08:47:00+00:00,65.8499984741211,65.86000061035156,65.83000183105469,65.83999633789062,44.0
2025-06-27 08:48:00+00:00,65.80999755859375,65.8499984741211,65.80000305175781,65.8499984741211,45.0
2025-06-27 08:49:00+00:00,65.73999786376953,65.80000305175781,65.72000122070312,65.80000305175781,122.0
2025-06-27 08:50:00+00:00,65.76000213623047,65.79000091552734,65.75,65.75,64.0
2025-06-27 08:51:00+00:00,65.7699966430664,65.77999877929688,65.75,65.75,57.0
2025-06-27 08:52:00+00:00,65.77999877929688,65.80000305175781,65.76000213623047,65.76000213623047,103.0
2025-06-27 08:53:00+00:00,65.73999786376953,65.77999877929688,65.7300033569336,65.77999877929688,65.0
2025-06-27 08:54:00+00:00,65.76000213623047,65.76000213623047,65.73999786376953,65.73999786376953,24.0
2025-06-27 08:55:00+00:00,65.75,65.76000213623047,65.73999786376953,65.76000213623047,24.0
2025-06-27 08:56:00+00:00,65.7699966430664,65.77999877929688,65.73999786376953,65.73999786376953,60.0
2025-06-27 08:57:00+00:00,65.75,65.7699966430664,65.73999786376953,65.7699966430664,31.0
2025-06-27 08:58:00+00:00,65.80999755859375,65.80999755859375,65.75,65.75,189.0
2025-06-27 08:59:00+00:00,65.8499984741211,65.8499984741211,65.81999969482422,65.81999969482422,86.0
2025-06-27 09:00:00+00:00,65.9000015258789,65.91000366210938,65.8499984741211,65.8499984741211,181.0
2025-06-27 09:01:00+00:00,65.83999633789062,65.9000015258789,65.83000183105469,65.9000015258789,58.0
2025-06-27 09:02:00+00:00,65.79000091552734,65.83999633789062,65.79000091552734,65.83000183105469,74.0
2025-06-27 09:03:00+00:00,65.77999877929688,65.80000305175781,65.76000213623047,65.80000305175781,55.0
2025-06-27 09:04:00+00:00,65.7699966430664,65.79000091552734,65.76000213623047,65.79000091552734,43.0
2025-06-27 09:05:00+00:00,65.77999877929688,65.79000091552734,65.76000213623047,65.76000213623047,31.0
2025-06-27 09:06:00+00:00,65.80000305175781,65.80999755859375,65.79000091552734,65.79000091552734,29.0
2025-06-27 09:07:00+00:00,65.8499984741211,65.8499984741211,65.80999755859375,65.80999755859375,53.0
2025-06-27 09:08:00+00:00,65.87000274658203,65.88999938964844,65.83999633789062,65.8499984741211,67.0
2025-06-27 09:09:00+00:00,65.83000183105469,65.87000274658203,65.83000183105469,65.87000274658203,89.0
2025-06-27 09:10:00+00:00,65.7699966430664,65.81999969482422,65.76000213623047,65.81999969482422,52.0
2025-06-27 09:11:00+00:00,65.76000213623047,65.79000091552734,65.75,65.7699966430664,74.0
2025-06-27 09:12:00+00:00,65.7699966430664,65.7699966430664,65.75,65.75,26.0
2025-06-27 09:13:00+00:00,65.76000213623047,65.77999877929688,65.76000213623047,65.77999877929688,11.0
2025-06-27 09:14:00+00:00,65.75,65.7699966430664,65.73999786376953,65.75,106.0
2025-06-27 09:15:00+00:00,65.80000305175781,65.80000305175781,65.75,65.76000213623047,57.0
2025-06-27 09:16:00+00:00,65.73999786376953,65.7699966430664,65.73999786376953,65.7699966430664,24.0
2025-06-27 09:17:00+00:00,65.76000213623047,65.7699966430664,65.7300033569336,65.75,28.0
2025-06-27 09:18:00+00:00,65.75,65.75,65.73999786376953,65.75,22.0
2025-06-27 09:19:00+00:00,65.77999877929688,65.79000091552734,65.75,65.75,30.0
2025-06-27 09:20:00+00:00,65.77999877929688,65.79000091552734,65.76000213623047,65.77999877929688,41.0
2025-06-27 09:21:00+00:00,65.80999755859375,65.81999969482422,65.76000213623047,65.7699966430664,35.0
2025-06-27 09:22:00+00:00,65.80000305175781,65.81999969482422,65.79000091552734,65.80999755859375,113.0
2025-06-27 09:23:00+00:00,65.80000305175781,65.80000305175781,65.79000091552734,65.79000091552734,30.0
2025-06-27 09:24:00+00:00,65.79000091552734,65.80999755859375,65.77999877929688,65.79000091552734,26.0
2025-06-27 09:25:00+00:00,65.80000305175781,65.80000305175781,65.77999877929688,65.79000091552734,22.0
2025-06-27 09:26:00+00:00,65.80000305175781,65.80999755859375,65.80000305175781,65.80999755859375,88.0
2025-06-27 09:27:00+00:00,65.80000305175781,65.80000305175781,65.80000305175781,65.80000305175781,11.0
2025-06-27 09:28:00+00:00,65.80000305175781,65.83000183105469,65.80000305175781,65.80999755859375,87.0
2025-06-27 09:29:00+00:00,65.8499984741211,65.8499984741211,65.80999755859375,65.80999755859375,73.0
2025-06-27 09:30:00+00:00,65.80000305175781,65.86000061035156,65.80000305175781,65.8499984741211,66.0
2025-06-27 09:31:00+00:00,65.79000091552734,65.80000305175781,65.79000091552734,65.79000091552734,24.0
2025-06-27 09:32:00+00:00,65.81999969482422,65.83000183105469,65.79000091552734,65.79000091552734,31.0
2025-06-27 09:33:00+00:00,65.80999755859375,65.83000183105469,65.79000091552734,65.80999755859375,151.0
2025-06-27 09:34:00+00:00,65.83999633789062,65.87000274658203,65.80000305175781,65.80999755859375,156.0
2025-06-27 09:35:00+00:00,65.83999633789062,65.87000274658203,65.83000183105469,65.83000183105469,67.0
2025-06-27 09:36:00+00:00,65.77999877929688,65.83999633789062,65.7699966430664,65.83999633789062,64.0
2025-06-27 09:37:00+00:00,65.7300033569336,65.7699966430664,65.68000030517578,65.76000213623047,192.0
2025-06-27 09:38:00+00:00,65.73999786376953,65.75,65.72000122070312,65.72000122070312,30.0
2025-06-27 09:39:00+00:00,65.7300033569336,65.75,65.7300033569336,65.75,17.0
2025-06-27 09:40:00+00:00,65.7300033569336,65.75,65.70999908447266,65.7300033569336,42.0
2025-06-27 09:41:00+00:00,65.75,65.75,65.69000244140625,65.72000122070312,85.0
2025-06-27 09:42:00+00:00,65.69999694824219,65.76000213623047,65.69999694824219,65.73999786376953,37.0
2025-06-27 09:43:00+00:00,65.70999908447266,65.70999908447266,65.68000030517578,65.69999694824219,28.0
2025-06-27 09:44:00+00:00,65.7300033569336,65.7300033569336,65.70999908447266,65.70999908447266,21.0
2025-06-27 09:45:00+00:00,65.7300033569336,65.76000213623047,65.7300033569336,65.73999786376953,31.0
2025-06-27 09:46:00+00:00,65.70999908447266,65.73999786376953,65.69000244140625,65.72000122070312,95.0
2025-06-27 09:47:00+00:00,65.68000030517578,65.70999908447266,65.66000366210938,65.70999908447266,55.0
2025-06-27 09:48:00+00:00,65.70999908447266,65.70999908447266,65.68000030517578,65.68000030517578,43.0
2025-06-27 09:49:00+00:00,65.69000244140625,65.70999908447266,65.68000030517578,65.70999908447266,26.0
2025-06-27 09:50:00+00:00,65.70999908447266,65.70999908447266,65.68000030517578,65.69000244140625,18.0
2025-06-27 09:51:00+00:00,65.69999694824219,65.72000122070312,65.69000244140625,65.69000244140625,40.0
2025-06-27 09:52:00+00:00,65.70999908447266,65.70999908447266,65.69999694824219,65.69999694824219,15.0
2025-06-27 09:53:00+00:00,65.72000122070312,65.75,65.70999908447266,65.70999908447266,72.0
2025-06-27 09:54:00+00:00,65.70999908447266,65.72000122070312,65.69999694824219,65.70999908447266,92.0
2025-06-27 09:55:00+00:00,65.66000366210938,65.69999694824219,65.66000366210938,65.69999694824219,43.0
2025-06-27 09:56:00+00:00,65.66999816894531,65.68000030517578,65.66999816894531,65.66999816894531,17.0
2025-06-27 09:57:00+00:00,65.70999908447266,65.72000122070312,65.66000366210938,65.66999816894531,31.0
2025-06-27 09:58:00+00:00,65.69999694824219,65.7300033569336,65.69999694824219,65.70999908447266,60.0
2025-06-27 09:59:00+00:00,65.69000244140625,65.69999694824219,65.69000244140625,65.69999694824219,5.0
2025-06-27 10:00:00+00:00,65.69999694824219,65.69999694824219,65.68000030517578,65.69000244140625,23.0
2025-06-27 10:01:00+00:00,65.70999908447266,65.72000122070312,65.69000244140625,65.69999694824219,26.0
2025-06-27 10:02:00+00:00,65.72000122070312,65.72000122070312,65.70999908447266,65.72000122070312,13.0
2025-06-27 10:03:00+00:00,65.76000213623047,65.7699966430664,65.70999908447266,65.7300033569336,76.0
2025-06-27 10:04:00+00:00,65.79000091552734,65.80000305175781,65.7699966430664,65.7699966430664,42.0
2025-06-27 10:05:00+00:00,65.80999755859375,65.81999969482422,65.77999877929688,65.79000091552734,36.0
2025-06-27 10:06:00+00:00,65.80000305175781,65.83000183105469,65.79000091552734,65.81999969482422,105.0
2025-06-27 10:07:00+00:00,65.81999969482422,65.81999969482422,65.80000305175781,65.80000305175781,42.0
2025-06-27 10:08:00+00:00,65.81999969482422,65.83999633789062,65.80000305175781,65.83000183105469,206.0
2025-06-27 10:09:00+00:00,65.81999969482422,65.81999969482422,65.80999755859375,65.81999969482422,34.0
2025-06-27 10:10:00+00:00,65.83000183105469,65.83999633789062,65.81999969482422,65.81999969482422,15.0
2025-06-27 10:11:00+00:00,,,,,
2025-06-27 10:12:00+00:00,65.80999755859375,65.83999633789062,65.80999755859375,65.81999969482422,24.0
2025-06-27 10:13:00+00:00,65.79000091552734,65.80999755859375,65.79000091552734,65.80999755859375,8.0
2025-06-27 10:14:00+00:00,65.81999969482422,65.83999633789062,65.79000091552734,65.79000091552734,25.0
2025-06-27 10:15:00+00:00,65.80000305175781,65.81999969482422,65.80000305175781,65.81999969482422,35.0
2025-06-27 10:16:00+00:00,65.80000305175781,65.80000305175781,65.80000305175781,65.80000305175781,14.0
2025-06-27 10:17:00+00:00,65.79000091552734,65.80000305175781,65.79000091552734,65.80000305175781,30.0
2025-06-27 10:18:00+00:00,65.7699966430664,65.79000091552734,65.7699966430664,65.77999877929688,49.0
2025-06-27 10:19:00+00:00,65.75,65.76000213623047,65.75,65.76000213623047,8.0
2025-06-27 10:20:00+00:00,65.73999786376953,65.7699966430664,65.73999786376953,65.75,51.0
2025-06-27 10:21:00+00:00,65.68000030517578,65.7300033569336,65.68000030517578,65.7300033569336,70.0
2025-06-27 10:22:00+00:00,65.69000244140625,65.70999908447266,65.66999816894531,65.69000244140625,103.0
2025-06-27 10:23:00+00:00,65.70999908447266,65.70999908447266,65.68000030517578,65.69000244140625,21.0
2025-06-27 10:24:00+00:00,65.69000244140625,65.72000122070312,65.68000030517578,65.72000122070312,15.0
2025-06-27 10:25:00+00:00,65.69999694824219,65.69999694824219,65.69000244140625,65.69000244140625,7.0
2025-06-27 10:26:00+00:00,65.72000122070312,65.72000122070312,65.69000244140625,65.69000244140625,40.0
2025-06-27 10:27:00+00:00,65.69000244140625,65.70999908447266,65.69000244140625,65.70999908447266,44.0
2025-06-27 10:28:00+00:00,65.69999694824219,65.69999694824219,65.68000030517578,65.69000244140625,56.0
2025-06-27 10:29:00+00:00,65.69999694824219,65.72000122070312,65.68000030517578,65.69000244140625,23.0
2025-06-27 10:30:00+00:00,65.70999908447266,65.70999908447266,65.69999694824219,65.69999694824219,17.0
2025-06-27 10:31:00+00:00,65.7300033569336,65.75,65.69999694824219,65.69999694824219,50.0
2025-06-27 10:32:00+00:00,65.72000122070312,65.7300033569336,65.72000122070312,65.7300033569336,8.0
2025-06-27 10:33:00+00:00,65.72000122070312,65.73999786376953,65.72000122070312,65.7300033569336,57.0
2025-06-27 10:34:00+00:00,65.72000122070312,65.72000122070312,65.70999908447266,65.70999908447266,11.0
2025-06-27 10:35:00+00:00,65.7300033569336,65.75,65.72000122070312,65.72000122070312,28.0
2025-06-27 10:36:00+00:00,65.70999908447266,65.7300033569336,65.70999908447266,65.7300033569336,19.0
2025-06-27 10:37:00+00:00,65.70999908447266,65.72000122070312,65.69999694824219,65.70999908447266,20.0
2025-06-27 10:38:00+00:00,65.70999908447266,65.72000122070312,65.70999908447266,65.70999908447266,11.0
2025-06-27 10:39:00+00:00,65.72000122070312,65.72000122070312,65.69999694824219,65.70999908447266,21.0
2025-06-27 10:40:00+00:00,65.7300033569336,65.7300033569336,65.70999908447266,65.70999908447266,20.0
2025-06-27 10:41:00+00:00,65.7300033569336,65.7300033569336,65.70999908447266,65.72000122070312,18.0
2025-06-27 10:42:00+00:00,65.70999908447266,65.7300033569336,65.69999694824219,65.7300033569336,28.0
2025-06-27 10:43:00+00:00,65.72000122070312,65.72000122070312,65.70999908447266,65.70999908447266,5.0
2025-06-27 10:44:00+00:00,65.72000122070312,65.73999786376953,65.70999908447266,65.70999908447266,46.0
2025-06-27 10:45:00+00:00,65.68000030517578,65.70999908447266,65.68000030517578,65.70999908447266,18.0
2025-06-27 10:46:00+00:00,65.63999938964844,65.68000030517578,65.5999984741211,65.66999816894531,265.0
2025-06-27 10:47:00+00:00,65.61000061035156,65.62999725341797,65.61000061035156,65.62999725341797,25.0
2025-06-27 10:48:00+00:00,65.54000091552734,65.61000061035156,65.54000091552734,65.61000061035156,92.0
2025-06-27 10:49:00+00:00,65.55000305175781,65.55999755859375,65.52999877929688,65.54000091552734,107.0
2025-06-27 10:50:00+00:00,65.51000213623047,65.55999755859375,65.5,65.55999755859375,158.0
2025-06-27 10:51:00+00:00,65.51000213623047,65.52999877929688,65.5,65.5,39.0
2025-06-27 10:52:00+00:00,65.51000213623047,65.52999877929688,65.48999786376953,65.51000213623047,59.0
2025-06-27 10:53:00+00:00,65.4800033569336,65.5199966430664,65.45999908447266,65.51000213623047,187.0
2025-06-27 10:54:00+00:00,65.41000366210938,65.4800033569336,65.41000366210938,65.4800033569336,248.0
2025-06-27 10:55:00+00:00,65.41999816894531,65.43000030517578,65.4000015258789,65.41000366210938,104.0
2025-06-27 10:56:00+00:00,65.37999725341797,65.44000244140625,65.37999725341797,65.41999816894531,102.0
2025-06-27 10:57:00+00:00,65.36000061035156,65.4000015258789,65.33999633789062,65.38999938964844,152.0
2025-06-27 10:58:00+00:00,65.3499984741211,65.37999725341797,65.33999633789062,65.36000061035156,107.0
2025-06-27 10:59:00+00:00,65.33999633789062,65.3499984741211,65.30999755859375,65.3499984741211,152.0
2025-06-27 11:00:00+00:00,65.3499984741211,65.41000366210938,65.31999969482422,65.33999633789062,164.0
2025-06-27 11:01:00+00:00,65.43000030517578,65.44999694824219,65.33999633789062,65.3499984741211,130.0
2025-06-27 11:02:00+00:00,65.43000030517578,65.44000244140625,65.38999938964844,65.43000030517578,64.0
2025-06-27 11:03:00+00:00,65.4000015258789,65.44000244140625,65.38999938964844,65.43000030517578,20.0
2025-06-27 11:04:00+00:00,65.45999908447266,65.47000122070312,65.41000366210938,65.41000366210938,67.0
2025-06-27 11:05:00+00:00,65.5,65.5,65.4800033569336,65.48999786376953,57.0
2025-06-27 11:06:00+00:00,65.48999786376953,65.51000213623047,65.4800033569336,65.5,153.0
2025-06-27 11:07:00+00:00,65.45999908447266,65.4800033569336,65.45999908447266,65.4800033569336,7.0
2025-06-27 11:08:00+00:00,65.44000244140625,65.45999908447266,65.44000244140625,65.45999908447266,62.0
2025-06-27 11:09:00+00:00,65.44999694824219,65.4800033569336,65.44000244140625,65.44000244140625,75.0
2025-06-27 11:10:00+00:00,65.43000030517578,65.47000122070312,65.41999816894531,65.44999694824219,98.0
2025-06-27 11:11:00+00:00,65.41999816894531,65.43000030517578,65.4000015258789,65.43000030517578,47.0
2025-06-27 11:12:00+00:00,65.44999694824219,65.47000122070312,65.41999816894531,65.41999816894531,42.0
2025-06-27 11:13:00+00:00,65.48999786376953,65.48999786376953,65.44999694824219,65.44999694824219,82.0
2025-06-27 11:14:00+00:00,65.47000122070312,65.48999786376953,65.47000122070312,65.48999786376953,121.0
2025-06-27 11:15:00+00:00,65.4800033569336,65.48999786376953,65.44999694824219,65.47000122070312,76.0
2025-06-27 11:16:00+00:00,65.48999786376953,65.5,65.4800033569336,65.4800033569336,30.0
2025-06-27 11:17:00+00:00,65.47000122070312,65.48999786376953,65.47000122070312,65.4800033569336,42.0
2025-06-27 11:18:00+00:00,65.45999908447266,65.4800033569336,65.44000244140625,65.4800033569336,49.0
2025-06-27 11:19:00+00:00,65.48999786376953,65.5,65.45999908447266,65.45999908447266,40.0
2025-06-27 11:20:00+00:00,65.4800033569336,65.51000213623047,65.4800033569336,65.48999786376953,29.0
2025-06-27 11:21:00+00:00,65.47000122070312,65.5,65.47000122070312,65.48999786376953,43.0
2025-06-27 11:22:00+00:00,65.48999786376953,65.48999786376953,65.45999908447266,65.47000122070312,20.0
2025-06-27 11:23:00+00:00,65.5199966430664,65.5199966430664,65.51000213623047,65.51000213623047,15.0
2025-06-27 11:24:00+00:00,65.4800033569336,65.51000213623047,65.4800033569336,65.51000213623047,34.0
2025-06-27 11:25:00+00:00,65.4800033569336,65.48999786376953,65.45999908447266,65.4800033569336,44.0
2025-06-27 11:26:00+00:00,65.5,65.5,65.4800033569336,65.4800033569336,21.0
2025-06-27 11:27:00+00:00,65.54000091552734,65.54000091552734,65.5,65.51000213623047,37.0
2025-06-27 11:28:00+00:00,65.55000305175781,65.55999755859375,65.54000091552734,65.54000091552734,21.0
2025-06-27 11:29:00+00:00,65.58000183105469,65.58999633789062,65.55000305175781,65.55999755859375,90.0
2025-06-27 11:30:00+00:00,65.58999633789062,65.62000274658203,65.56999969482422,65.58000183105469,80.0
2025-06-27 11:31:00+00:00,65.62999725341797,65.62999725341797,65.5999984741211,65.5999984741211,150.0
2025-06-27 11:32:00+00:00,65.55999755859375,65.6500015258789,65.45999908447266,65.62999725341797,582.0
2025-06-27 11:33:00+00:00,65.58000183105469,65.61000061035156,65.54000091552734,65.56999969482422,177.0
2025-06-27 11:34:00+00:00,65.63999938964844,65.6500015258789,65.58000183105469,65.58000183105469,233.0
2025-06-27 11:35:00+00:00,65.62000274658203,65.63999938964844,65.58999633789062,65.62999725341797,50.0
2025-06-27 11:36:00+00:00,65.5999984741211,65.62000274658203,65.58000183105469,65.62000274658203,74.0
2025-06-27 11:37:00+00:00,65.56999969482422,65.5999984741211,65.56999969482422,65.5999984741211,18.0
2025-06-27 11:38:00+00:00,65.56999969482422,65.58999633789062,65.56999969482422,65.58000183105469,42.0
2025-06-27 11:39:00+00:00,65.62999725341797,65.62999725341797,65.58000183105469,65.58000183105469,97.0
2025-06-27 11:40:00+00:00,65.63999938964844,65.66000366210938,65.62000274658203,65.62999725341797,28.0
2025-06-27 11:41:00+00:00,65.62000274658203,65.63999938964844,65.62000274658203,65.63999938964844,35.0
2025-06-27 11:42:00+00:00,65.62000274658203,65.62000274658203,65.5999984741211,65.61000061035156,28.0
2025-06-27 11:43:00+00:00,65.69000244140625,65.69999694824219,65.62000274658203,65.62000274658203,102.0
2025-06-27 11:44:00+00:00,65.70999908447266,65.72000122070312,65.66999816894531,65.69999694824219,101.0
2025-06-27 11:45:00+00:00,65.73999786376953,65.73999786376953,65.69999694824219,65.70999908447266,526.0
2025-06-27 11:46:00+00:00,65.7699966430664,65.79000091552734,65.72000122070312,65.7300033569336,137.0
2025-06-27 11:47:00+00:00,65.79000091552734,65.80000305175781,65.7699966430664,65.7699966430664,88.0
2025-06-27 11:48:00+00:00,65.72000122070312,65.80000305175781,65.72000122070312,65.79000091552734,54.0
2025-06-27 11:49:00+00:00,65.7300033569336,65.76000213623047,65.72000122070312,65.7300033569336,154.0
2025-06-27 11:50:00+00:00,65.81999969482422,65.81999969482422,65.70999908447266,65.72000122070312,467.0
2025-06-27 11:51:00+00:00,65.79000091552734,65.81999969482422,65.79000091552734,65.80999755859375,46.0
2025-06-27 11:52:00+00:00,65.77999877929688,65.80000305175781,65.7699966430664,65.80000305175781,67.0
2025-06-27 11:53:00+00:00,65.7699966430664,65.80000305175781,65.75,65.79000091552734,52.0
2025-06-27 11:54:00+00:00,65.7699966430664,65.79000091552734,65.75,65.7699966430664,64.0
2025-06-27 11:55:00+00:00,65.7699966430664,65.7699966430664,65.75,65.76000213623047,48.0
2025-06-27 11:56:00+00:00,65.77999877929688,65.80000305175781,65.7699966430664,65.7699966430664,116.0
2025-06-27 11:57:00+00:00,65.77999877929688,65.77999877929688,65.7699966430664,65.7699966430664,44.0
2025-06-27 11:58:00+00:00,65.79000091552734,65.80000305175781,65.77999877929688,65.77999877929688,98.0
2025-06-27 11:59:00+00:00,65.7699966430664,65.80000305175781,65.76000213623047,65.79000091552734,122.0
2025-06-27 12:00:00+00:00,65.83999633789062,65.8499984741211,65.7699966430664,65.7699966430664,194.0
2025-06-27 12:01:00+00:00,65.80999755859375,65.83000183105469,65.79000091552734,65.83000183105469,803.0
2025-06-27 12:02:00+00:00,65.73999786376953,65.80999755859375,65.7300033569336,65.80999755859375,173.0
2025-06-27 12:03:00+00:00,65.73999786376953,65.76000213623047,65.73999786376953,65.73999786376953,91.0
2025-06-27 12:04:00+00:00,65.7300033569336,65.76000213623047,65.72000122070312,65.73999786376953,107.0
2025-06-27 12:05:00+00:00,65.7300033569336,65.77999877929688,65.72000122070312,65.7300033569336,293.0
2025-06-27 12:06:00+00:00,65.7699966430664,65.77999877929688,65.7300033569336,65.73999786376953,144.0
2025-06-27 12:07:00+00:00,65.7300033569336,65.7699966430664,65.72000122070312,65.7699966430664,67.0
2025-06-27 12:08:00+00:00,65.76000213623047,65.76000213623047,65.7300033569336,65.73999786376953,33.0
2025-06-27 12:09:00+00:00,65.75,65.77999877929688,65.73999786376953,65.76000213623047,163.0
2025-06-27 12:10:00+00:00,65.77999877929688,65.79000091552734,65.75,65.76000213623047,106.0
2025-06-27 12:11:00+00:00,65.76000213623047,65.77999877929688,65.76000213623047,65.7699966430664,25.0
2025-06-27 12:12:00+00:00,65.7699966430664,65.7699966430664,65.75,65.76000213623047,16.0
2025-06-27 12:13:00+00:00,65.80000305175781,65.80000305175781,65.7699966430664,65.7699966430664,50.0
2025-06-27 12:14:00+00:00,65.81999969482422,65.83999633789062,65.80000305175781,65.80999755859375,97.0
2025-06-27 12:15:00+00:00,65.83000183105469,65.83999633789062,65.80999755859375,65.81999969482422,67.0
2025-06-27 12:16:00+00:00,65.81999969482422,65.8499984741211,65.80999755859375,65.83000183105469,81.0
2025-06-27 12:17:00+00:00,65.79000091552734,65.81999969482422,65.77999877929688,65.80999755859375,64.0
2025-06-27 12:18:00+00:00,65.79000091552734,65.79000091552734,65.79000091552734,65.79000091552734,106.0
2025-06-27 12:19:00+00:00,65.7699966430664,65.79000091552734,65.73999786376953,65.77999877929688,129.0
2025-06-27 12:20:00+00:00,65.7300033569336,65.75,65.72000122070312,65.75,128.0
2025-06-27 12:21:00+00:00,65.72000122070312,65.77999877929688,65.72000122070312,65.7300033569336,153.0
2025-06-27 12:22:00+00:00,65.68000030517578,65.72000122070312,65.68000030517578,65.72000122070312,113.0
2025-06-27 12:23:00+00:00,65.70999908447266,65.70999908447266,65.66999816894531,65.68000030517578,55.0
2025-06-27 12:24:00+00:00,65.69999694824219,65.72000122070312,65.66999816894531,65.69999694824219,88.0
2025-06-27 12:25:00+00:00,65.69999694824219,65.69999694824219,65.68000030517578,65.69999694824219,34.0
2025-06-27 12:26:00+00:00,65.70999908447266,65.7300033569336,65.69999694824219,65.69999694824219,47.0
2025-06-27 12:27:00+00:00,65.70999908447266,65.70999908447266,65.69999694824219,65.70999908447266,19.0
2025-06-27 12:28:00+00:00,65.63999938964844,65.70999908447266,65.62000274658203,65.70999908447266,507.0
2025-06-27 12:29:00+00:00,65.69000244140625,65.69000244140625,65.63999938964844,65.63999938964844,86.0
2025-06-27 12:30:00+00:00,,,,,
2025-06-27 12:31:00+00:00,65.61000061035156,65.62000274658203,65.58999633789062,65.62000274658203,273.0
2025-06-27 12:32:00+00:00,65.58000183105469,65.61000061035156,65.55000305175781,65.61000061035156,102.0
2025-06-27 12:33:00+00:00,65.52999877929688,65.58999633789062,65.5199966430664,65.56999969482422,394.0
2025-06-27 12:34:00+00:00,65.5999984741211,65.62999725341797,65.52999877929688,65.54000091552734,303.0
2025-06-27 12:35:00+00:00,65.62999725341797,65.62999725341797,65.58000183105469,65.61000061035156,197.0
2025-06-27 12:36:00+00:00,65.6500015258789,65.66000366210938,65.62999725341797,65.63999938964844,28.0
2025-06-27 12:37:00+00:00,65.5999984741211,65.63999938964844,65.5999984741211,65.63999938964844,129.0
2025-06-27 12:38:00+00:00,65.61000061035156,65.62999725341797,65.5999984741211,65.61000061035156,55.0
2025-06-27 12:39:00+00:00,65.58000183105469,65.62999725341797,65.58000183105469,65.62000274658203,51.0
2025-06-27 12:40:00+00:00,65.55999755859375,65.58999633789062,65.55999755859375,65.58999633789062,45.0
2025-06-27 12:41:00+00:00,65.58000183105469,65.5999984741211,65.56999969482422,65.56999969482422,142.0
2025-06-27 12:42:00+00:00,65.58000183105469,65.61000061035156,65.58000183105469,65.58000183105469,80.0
2025-06-27 12:43:00+00:00,65.55999755859375,65.58999633789062,65.55000305175781,65.58000183105469,84.0
2025-06-27 12:44:00+00:00,65.5199966430664,65.55999755859375,65.5,65.55000305175781,129.0
2025-06-27 12:45:00+00:00,65.54000091552734,65.56999969482422,65.5199966430664,65.5199966430664,55.0
2025-06-27 12:46:00+00:00,65.54000091552734,65.56999969482422,65.52999877929688,65.55000305175781,72.0
2025-06-27 12:47:00+00:00,65.58000183105469,65.58000183105469,65.52999877929688,65.52999877929688,70.0
2025-06-27 12:48:00+00:00,65.52999877929688,65.58000183105469,65.51000213623047,65.58000183105469,73.0
2025-06-27 12:49:00+00:00,65.52999877929688,65.55999755859375,65.51000213623047,65.52999877929688,281.0
2025-06-27 12:50:00+00:00,65.54000091552734,65.54000091552734,65.4800033569336,65.52999877929688,778.0
2025-06-27 12:51:00+00:00,65.55000305175781,65.55999755859375,65.5199966430664,65.55999755859375,87.0
2025-06-27 12:52:00+00:00,65.56999969482422,65.58000183105469,65.55000305175781,65.55999755859375,63.0
2025-06-27 12:53:00+00:00,65.5999984741211,65.62000274658203,65.55999755859375,65.56999969482422,236.0
2025-06-27 12:54:00+00:00,65.58000183105469,65.61000061035156,65.58000183105469,65.61000061035156,92.0
2025-06-27 12:55:00+00:00,65.55000305175781,65.58999633789062,65.55000305175781,65.58000183105469,80.0
2025-06-27 12:56:00+00:00,65.58000183105469,65.58000183105469,65.54000091552734,65.55000305175781,65.0
2025-06-27 12:57:00+00:00,65.61000061035156,65.62999725341797,65.58999633789062,65.58999633789062,86.0
2025-06-27 12:58:00+00:00,65.5999984741211,65.61000061035156,65.5999984741211,65.61000061035156,67.0
2025-06-27 12:59:00+00:00,65.61000061035156,65.61000061035156,65.55000305175781,65.5999984741211,92.0
2025-06-27 13:00:00+00:00,65.75,65.76000213623047,65.5999984741211,65.62000274658203,1124.0
2025-06-27 13:01:00+00:00,65.66999816894531,65.76000213623047,65.6500015258789,65.75,388.0
2025-06-27 13:02:00+00:00,65.63999938964844,65.66999816894531,65.62000274658203,65.66999816894531,155.0
2025-06-27 13:03:00+00:00,65.70999908447266,65.72000122070312,65.62999725341797,65.63999938964844,412.0
2025-06-27 13:04:00+00:00,65.75,65.76000213623047,65.70999908447266,65.72000122070312,199.0
2025-06-27 13:05:00+00:00,65.76000213623047,65.80999755859375,65.73999786376953,65.75,462.0
2025-06-27 13:06:00+00:00,65.76000213623047,65.79000091552734,65.73999786376953,65.73999786376953,648.0
2025-06-27 13:07:00+00:00,65.7300033569336,65.75,65.70999908447266,65.75,305.0
2025-06-27 13:08:00+00:00,65.70999908447266,65.7300033569336,65.69999694824219,65.7300033569336,188.0
2025-06-27 13:09:00+00:00,65.73999786376953,65.76000213623047,65.72000122070312,65.72000122070312,128.0
2025-06-27 13:10:00+00:00,65.7300033569336,65.75,65.7300033569336,65.73999786376953,109.0
2025-06-27 13:11:00+00:00,65.72000122070312,65.76000213623047,65.70999908447266,65.73999786376953,726.0
2025-06-27 13:12:00+00:00,65.8499984741211,65.86000061035156,65.7300033569336,65.7300033569336,1882.0
2025-06-27 13:13:00+00:00,65.80999755859375,65.87000274658203,65.80999755859375,65.8499984741211,2340.0
2025-06-27 13:14:00+00:00,65.79000091552734,65.81999969482422,65.79000091552734,65.80000305175781,114.0
2025-06-27 13:15:00+00:00,65.88999938964844,65.91999816894531,65.73999786376953,65.79000091552734,2186.0
2025-06-27 13:16:00+00:00,65.91000366210938,65.93000030517578,65.8499984741211,65.87999725341797,1260.0
2025-06-27 13:17:00+00:00,65.9000015258789,65.91999816894531,65.8499984741211,65.9000015258789,447.0
2025-06-27 13:18:00+00:00,65.95999908447266,65.97000122070312,65.87000274658203,65.9000015258789,1817.0
2025-06-27 13:19:00+00:00,65.8499984741211,65.95999908447266,65.8499984741211,65.95999908447266,307.0
2025-06-27 13:20:00+00:00,65.87000274658203,65.87999725341797,65.83000183105469,65.8499984741211,273.0
2025-06-27 13:21:00+00:00,,,,,
2025-06-27 13:22:00+00:00,65.87999725341797,65.87999725341797,65.81999969482422,65.83000183105469,584.0
2025-06-27 13:23:00+00:00,65.86000061035156,65.87999725341797,65.86000061035156,65.87999725341797,127.0
2025-06-27 13:24:00+00:00,65.87999725341797,65.9000015258789,65.86000061035156,65.86000061035156,236.0
2025-06-27 13:25:00+00:00,65.80999755859375,65.88999938964844,65.80999755859375,65.87999725341797,447.0
2025-06-27 13:26:00+00:00,65.76000213623047,65.80999755859375,65.75,65.80999755859375,178.0
2025-06-27 13:27:00+00:00,65.75,65.76000213623047,65.73999786376953,65.76000213623047,107.0
2025-06-27 13:28:00+00:00,65.7699966430664,65.77999877929688,65.73999786376953,65.75,117.0
2025-06-27 13:29:00+00:00,65.81999969482422,65.83000183105469,65.7699966430664,65.77999877929688,372.0
2025-06-27 13:30:00+00:00,65.7699966430664,65.83000183105469,65.72000122070312,65.83000183105469,815.0
2025-06-27 13:31:00+00:00,65.76000213623047,65.77999877929688,65.75,65.77999877929688,89.0
2025-06-27 13:32:00+00:00,65.94000244140625,65.9800033569336,65.75,65.75,1292.0
2025-06-27 13:33:00+00:00,65.93000030517578,66.0,65.91000366210938,65.94000244140625,312.0
2025-06-27 13:34:00+00:00,65.91999816894531,65.93000030517578,65.87999725341797,65.93000030517578,215.0
2025-06-27 13:35:00+00:00,65.88999938964844,65.94999694824219,65.87999725341797,65.91999816894531,243.0
2025-06-27 13:36:00+00:00,65.9000015258789,65.91000366210938,65.86000061035156,65.9000015258789,111.0
2025-06-27 13:37:00+00:00,65.88999938964844,65.91999816894531,65.86000061035156,65.9000015258789,203.0
2025-06-27 13:38:00+00:00,65.87999725341797,65.91000366210938,65.87000274658203,65.88999938964844,212.0
2025-06-27 13:39:00+00:00,65.81999969482422,65.91000366210938,65.80999755859375,65.87999725341797,233.0
2025-06-27 13:40:00+00:00,65.91000366210938,65.91000366210938,65.80000305175781,65.81999969482422,756.0
2025-06-27 13:41:00+00:00,65.88999938964844,65.93000030517578,65.87000274658203,65.91000366210938,146.0
2025-06-27 13:42:00+00:00,,,,,
2025-06-27 13:43:00+00:00,,,,,
2025-06-27 13:44:00+00:00,65.79000091552734,65.87999725341797,65.79000091552734,65.81999969482422,1474.0
2025-06-27 13:45:00+00:00,65.73999786376953,65.79000091552734,65.73999786376953,65.79000091552734,599.0
2025-06-27 13:46:00+00:00,65.70999908447266,65.7300033569336,65.63999938964844,65.7300033569336,738.0
2025-06-27 13:47:00+00:00,65.69000244140625,65.75,65.66999816894531,65.69999694824219,498.0
2025-06-27 13:48:00+00:00,65.69999694824219,65.72000122070312,65.69000244140625,65.69000244140625,153.0
2025-06-27 13:49:00+00:00,65.68000030517578,65.70999908447266,65.6500015258789,65.70999908447266,293.0
2025-06-27 13:50:00+00:00,65.77999877929688,65.83000183105469,65.68000030517578,65.68000030517578,523.0
2025-06-27 13:51:00+00:00,65.83999633789062,65.86000061035156,65.7699966430664,65.77999877929688,358.0
2025-06-27 13:52:00+00:00,65.83000183105469,65.8499984741211,65.81999969482422,65.83000183105469,173.0
2025-06-27 13:53:00+00:00,65.83000183105469,65.8499984741211,65.81999969482422,65.83000183105469,173.0
2025-06-27 13:54:00+00:00,65.81999969482422,65.83999633789062,65.80000305175781,65.81999969482422,195.0
2025-06-27 13:55:00+00:00,65.81999969482422,65.83000183105469,65.79000091552734,65.81999969482422,255.0
2025-06-27 13:56:00+00:00,65.7699966430664,65.80999755859375,65.75,65.80999755859375,243.0
2025-06-27 13:57:00+00:00,65.86000061035156,65.87000274658203,65.76000213623047,65.77999877929688,392.0
2025-06-27 13:58:00+00:00,65.88999938964844,65.95999908447266,65.8499984741211,65.86000061035156,976.0
2025-06-27 13:59:00+00:00,65.87999725341797,65.9000015258789,65.86000061035156,65.9000015258789,283.0
2025-06-27 14:00:00+00:00,65.9000015258789,65.93000030517578,65.88999938964844,65.88999938964844,168.0
2025-06-27 14:01:00+00:00,,,,,
2025-06-27 14:02:00+00:00,65.83999633789062,65.86000061035156,65.80000305175781,65.80000305175781,739.0
2025-06-27 14:03:00+00:00,65.76000213623047,65.8499984741211,65.76000213623047,65.83999633789062,170.0
2025-06-27 14:04:00+00:00,65.73999786376953,65.76000213623047,65.66000366210938,65.76000213623047,488.0
2025-06-27 14:05:00+00:00,65.70999908447266,65.73999786376953,65.66999816894531,65.7300033569336,488.0
2025-06-27 14:06:00+00:00,65.66999816894531,65.7300033569336,65.66000366210938,65.72000122070312,177.0
2025-06-27 14:07:00+00:00,65.68000030517578,65.69999694824219,65.63999938964844,65.66999816894531,200.0
2025-06-27 14:08:00+00:00,65.70999908447266,65.72000122070312,65.66999816894531,65.68000030517578,164.0
2025-06-27 14:09:00+00:00,65.69000244140625,65.7300033569336,65.68000030517578,65.69999694824219,297.0
2025-06-27 14:10:00+00:00,65.73999786376953,65.76000213623047,65.66999816894531,65.69000244140625,443.0
2025-06-27 14:11:00+00:00,65.80999755859375,65.81999969482422,65.75,65.75,206.0
2025-06-27 14:12:00+00:00,65.79000091552734,65.81999969482422,65.77999877929688,65.80000305175781,102.0
2025-06-27 14:13:00+00:00,65.87000274658203,65.87000274658203,65.79000091552734,65.79000091552734,289.0
2025-06-27 14:14:00+00:00,65.81999969482422,65.86000061035156,65.77999877929688,65.86000061035156,378.0
2025-06-27 14:15:00+00:00,65.81999969482422,65.83999633789062,65.79000091552734,65.81999969482422,180.0
2025-06-27 14:16:00+00:00,65.79000091552734,65.83000183105469,65.77999877929688,65.81999969482422,121.0
2025-06-27 14:17:00+00:00,65.80000305175781,65.81999969482422,65.75,65.79000091552734,129.0
2025-06-27 14:18:00+00:00,65.80999755859375,65.81999969482422,65.80000305175781,65.80000305175781,99.0
2025-06-27 14:19:00+00:00,65.86000061035156,65.86000061035156,65.79000091552734,65.80999755859375,353.0
2025-06-27 14:20:00+00:00,65.86000061035156,65.87999725341797,65.83999633789062,65.87000274658203,118.0
2025-06-27 14:21:00+00:00,65.95999908447266,65.97000122070312,65.86000061035156,65.87000274658203,476.0
2025-06-27 14:22:00+00:00,65.95999908447266,65.9800033569336,65.91999816894531,65.95999908447266,252.0
2025-06-27 14:23:00+00:00,65.88999938964844,65.95999908447266,65.88999938964844,65.95999908447266,221.0
2025-06-27 14:24:00+00:00,65.87999725341797,65.91000366210938,65.87999725341797,65.88999938964844,230.0
2025-06-27 14:25:00+00:00,65.87000274658203,65.87999725341797,65.8499984741211,65.87999725341797,180.0
2025-06-27 14:26:00+00:00,65.87999725341797,65.88999938964844,65.8499984741211,65.86000061035156,376.0
2025-06-27 14:27:00+00:00,65.86000061035156,65.87999725341797,65.86000061035156,65.87999725341797,430.0
2025-06-27 14:28:00+00:00,,,,,
2025-06-27 14:29:00+00:00,,,,,
2025-06-27 14:30:00+00:00,,,,,
2025-06-27 14:31:00+00:00,,,,,
2025-06-27 14:32:00+00:00,65.91999816894531,65.93000030517578,65.9000015258789,65.9000015258789,1799.0
2025-06-27 14:33:00+00:00,65.94000244140625,65.95999908447266,65.91999816894531,65.93000030517578,235.0
2025-06-27 14:34:00+00:00,65.94000244140625,65.95999908447266,65.93000030517578,65.93000030517578,94.0
2025-06-27 14:35:00+00:00,65.91999816894531,65.97000122070312,65.91999816894531,65.94000244140625,249.0
2025-06-27 14:36:00+00:00,65.9000015258789,65.9800033569336,65.88999938964844,65.91999816894531,1458.0
2025-06-27 14:37:00+00:00,65.9800033569336,66.0199966430664,65.86000061035156,65.88999938964844,551.0
2025-06-27 14:38:00+00:00,65.9000015258789,66.0199966430664,65.88999938964844,65.9800033569336,575.0
2025-06-27 14:39:00+00:00,65.87999725341797,65.91000366210938,65.8499984741211,65.9000015258789,542.0
2025-06-27 14:40:00+00:00,65.87000274658203,65.91000366210938,65.8499984741211,65.87999725341797,780.0
2025-06-27 14:41:00+00:00,65.8499984741211,65.87999725341797,65.8499984741211,65.8499984741211,187.0
2025-06-27 14:42:00+00:00,65.86000061035156,65.87000274658203,65.83000183105469,65.86000061035156,153.0
2025-06-27 14:43:00+00:00,65.87000274658203,65.87000274658203,65.8499984741211,65.86000061035156,72.0
2025-06-27 14:44:00+00:00,,,,,
2025-06-27 14:45:00+00:00,,,,,
2025-06-27 14:46:00+00:00,65.91000366210938,65.91999816894531,65.91000366210938,65.91999816894531,256.0
2025-06-27 14:47:00+00:00,65.93000030517578,65.94000244140625,65.88999938964844,65.9000015258789,282.0
2025-06-27 14:48:00+00:00,65.94000244140625,65.9800033569336,65.91999816894531,65.93000030517578,144.0
2025-06-27 14:49:00+00:00,65.95999908447266,65.98999786376953,65.93000030517578,65.94000244140625,236.0
2025-06-27 14:50:00+00:00,65.94000244140625,65.97000122070312,65.93000030517578,65.97000122070312,112.0
2025-06-27 14:51:00+00:00,65.93000030517578,65.94000244140625,65.93000030517578,65.94000244140625,80.0
2025-06-27 14:52:00+00:00,65.9000015258789,65.91999816894531,65.88999938964844,65.91999816894531,217.0
2025-06-27 14:53:00+00:00,65.83999633789062,65.93000030517578,65.83000183105469,65.91000366210938,693.0
2025-06-27 14:54:00+00:00,65.87000274658203,65.87999725341797,65.83999633789062,65.83999633789062,160.0
2025-06-27 14:55:00+00:00,65.87999725341797,65.87999725341797,65.86000061035156,65.86000061035156,50.0
2025-06-27 14:56:00+00:00,65.83000183105469,65.87999725341797,65.79000091552734,65.87000274658203,422.0
2025-06-27 14:57:00+00:00,65.83999633789062,65.83999633789062,65.80000305175781,65.83000183105469,267.0
2025-06-27 14:58:00+00:00,65.83999633789062,65.86000061035156,65.83000183105469,65.83000183105469,146.0
2025-06-27 14:59:00+00:00,65.87000274658203,65.87000274658203,65.83000183105469,65.83999633789062,77.0
2025-06-27 15:00:00+00:00,65.83000183105469,65.87000274658203,65.81999969482422,65.87000274658203,179.0
2025-06-27 15:01:00+00:00,65.87000274658203,65.87000274658203,65.76000213623047,65.81999969482422,228.0
2025-06-27 15:02:00+00:00,65.88999938964844,65.91000366210938,65.86000061035156,65.86000061035156,97.0
2025-06-27 15:03:00+00:00,65.81999969482422,65.9000015258789,65.80999755859375,65.9000015258789,240.0
2025-06-27 15:04:00+00:00,65.8499984741211,65.86000061035156,65.80000305175781,65.81999969482422,341.0
2025-06-27 15:05:00+00:00,65.87999725341797,65.88999938964844,65.83000183105469,65.83999633789062,433.0
2025-06-27 15:06:00+00:00,65.88999938964844,65.91000366210938,65.87000274658203,65.9000015258789,322.0
2025-06-27 15:07:00+00:00,65.95999908447266,65.97000122070312,65.87000274658203,65.9000015258789,907.0
2025-06-27 15:08:00+00:00,65.95999908447266,66.01000213623047,65.95999908447266,65.97000122070312,281.0
2025-06-27 15:09:00+00:00,65.9800033569336,65.98999786376953,65.97000122070312,65.97000122070312,192.0
2025-06-27 15:10:00+00:00,65.94999694824219,66.0,65.94999694824219,65.9800033569336,158.0
2025-06-27 15:11:00+00:00,65.94999694824219,65.95999908447266,65.91000366210938,65.94000244140625,238.0
2025-06-27 15:12:00+00:00,66.01000213623047,66.05000305175781,65.94000244140625,65.94999694824219,550.0
2025-06-27 15:13:00+00:00,65.9800033569336,66.01000213623047,65.95999908447266,66.01000213623047,161.0
2025-06-27 15:14:00+00:00,66.0,66.02999877929688,65.97000122070312,65.9800033569336,122.0
2025-06-27 15:15:00+00:00,66.02999877929688,66.05999755859375,65.98999786376953,66.0,216.0
2025-06-27 15:16:00+00:00,66.08000183105469,66.08999633789062,66.02999877929688,66.02999877929688,264.0
2025-06-27 15:17:00+00:00,66.06999969482422,66.08999633789062,66.05999755859375,66.06999969482422,368.0
2025-06-27 15:18:00+00:00,,,,,
2025-06-27 15:19:00+00:00,,,,,
2025-06-27 15:20:00+00:00,65.95999908447266,66.01000213623047,65.94999694824219,66.01000213623047,892.0
2025-06-27 15:21:00+00:00,65.88999938964844,65.98999786376953,65.88999938964844,65.94999694824219,331.0
2025-06-27 15:22:00+00:00,65.87000274658203,65.93000030517578,65.83999633789062,65.91000366210938,723.0
2025-06-27 15:23:00+00:00,65.87999725341797,65.9000015258789,65.83999633789062,65.87000274658203,437.0
2025-06-27 15:24:00+00:00,65.91999816894531,65.91999816894531,65.86000061035156,65.87999725341797,338.0
2025-06-27 15:25:00+00:00,65.87000274658203,65.94000244140625,65.87000274658203,65.91999816894531,271.0
2025-06-27 15:26:00+00:00,65.88999938964844,65.88999938964844,65.8499984741211,65.86000061035156,304.0
2025-06-27 15:27:00+00:00,65.9000015258789,65.91999816894531,65.87999725341797,65.87999725341797,130.0
2025-06-27 15:28:00+00:00,65.95999908447266,65.9800033569336,65.88999938964844,65.88999938964844,213.0
2025-06-27 15:29:00+00:00,65.93000030517578,66.01000213623047,65.91000366210938,65.95999908447266,977.0
2025-06-27 15:30:00+00:00,65.87999725341797,65.94999694824219,65.87999725341797,65.91999816894531,335.0
2025-06-27 15:31:00+00:00,65.41999816894531,65.87000274658203,65.36000061035156,65.87000274658203,5634.0
2025-06-27 15:32:00+00:00,65.36000061035156,65.54000091552734,65.20999908447266,65.41000366210938,2851.0
2025-06-27 15:33:00+00:00,65.2300033569336,65.44000244140625,65.2300033569336,65.36000061035156,1489.0
2025-06-27 15:34:00+00:00,65.29000091552734,65.3499984741211,65.22000122070312,65.2300033569336,1127.0
2025-06-27 15:35:00+00:00,65.25,65.31999969482422,65.16000366210938,65.27999877929688,1150.0
2025-06-27 15:36:00+00:00,65.25,65.33000183105469,65.16000366210938,65.26000213623047,1528.0
2025-06-27 15:37:00+00:00,65.16000366210938,65.29000091552734,65.12000274658203,65.26000213623047,1087.0
2025-06-27 15:38:00+00:00,65.1500015258789,65.18000030517578,65.12000274658203,65.1500015258789,637.0
2025-06-27 15:39:00+00:00,65.16000366210938,65.16999816894531,65.08999633789062,65.13999938964844,1281.0
2025-06-27 15:40:00+00:00,65.12999725341797,65.18000030517578,65.0999984741211,65.1500015258789,537.0
2025-06-27 15:41:00+00:00,64.9000015258789,65.1500015258789,64.80000305175781,65.12000274658203,3031.0
2025-06-27 15:42:00+00:00,,,,,
2025-06-27 15:43:00+00:00,,,,,
2025-06-27 15:44:00+00:00,65.08999633789062,65.08999633789062,64.95999908447266,64.9800033569336,2664.0
2025-06-27 15:45:00+00:00,65.16999816894531,65.20999908447266,65.08000183105469,65.08999633789062,940.0
2025-06-27 15:46:00+00:00,65.23999786376953,65.23999786376953,65.16000366210938,65.16999816894531,452.0
2025-06-27 15:47:00+00:00,65.2699966430664,65.3499984741211,65.20999908447266,65.2300033569336,1034.0
2025-06-27 15:48:00+00:00,65.2699966430664,65.33999633789062,65.23999786376953,65.27999877929688,431.0
2025-06-27 15:49:00+00:00,65.22000122070312,65.2699966430664,65.19999694824219,65.2699966430664,291.0
2025-06-27 15:50:00+00:00,65.31999969482422,65.36000061035156,65.20999908447266,65.22000122070312,809.0
2025-06-27 15:51:00+00:00,65.19000244140625,65.33999633789062,65.19000244140625,65.31999969482422,492.0
2025-06-27 15:52:00+00:00,65.16999816894531,65.2300033569336,65.12000274658203,65.19000244140625,830.0
2025-06-27 15:53:00+00:00,65.20999908447266,65.2300033569336,65.16000366210938,65.16999816894531,288.0
2025-06-27 15:54:00+00:00,65.20999908447266,65.30999755859375,65.19999694824219,65.22000122070312,454.0
2025-06-27 15:55:00+00:00,65.20999908447266,65.22000122070312,65.16000366210938,65.19999694824219,336.0
2025-06-27 15:56:00+00:00,65.18000030517578,65.26000213623047,65.18000030517578,65.19999694824219,171.0
2025-06-27 15:57:00+00:00,65.2300033569336,65.2300033569336,65.16000366210938,65.16999816894531,294.0
2025-06-27 15:58:00+00:00,65.26000213623047,65.27999877929688,65.20999908447266,65.2300033569336,255.0
2025-06-27 15:59:00+00:00,65.23999786376953,65.29000091552734,65.20999908447266,65.2699966430664,421.0
2025-06-27 16:00:00+00:00,65.23999786376953,65.36000061035156,65.05000305175781,65.25,1780.0
2025-06-27 16:01:00+00:00,65.27999877929688,65.33000183105469,65.19999694824219,65.25,496.0
2025-06-27 16:02:00+00:00,65.25,65.27999877929688,65.20999908447266,65.27999877929688,309.0
2025-06-27 16:03:00+00:00,65.19000244140625,65.2699966430664,65.18000030517578,65.26000213623047,402.0
2025-06-27 16:04:00+00:00,65.18000030517578,65.19000244140625,65.0999984741211,65.19000244140625,552.0
2025-06-27 16:05:00+00:00,65.2300033569336,65.25,65.16999816894531,65.16999816894531,265.0
2025-06-27 16:06:00+00:00,65.25,65.25,65.19999694824219,65.2300033569336,78.0
2025-06-27 16:07:00+00:00,65.18000030517578,65.26000213623047,65.16999816894531,65.25,189.0
2025-06-27 16:08:00+00:00,65.1500015258789,65.19999694824219,65.12999725341797,65.18000030517578,154.0
2025-06-27 16:09:00+00:00,65.16000366210938,65.19999694824219,65.12000274658203,65.1500015258789,766.0
2025-06-27 16:10:00+00:00,65.20999908447266,65.23999786376953,65.1500015258789,65.16999816894531,471.0
2025-06-27 16:11:00+00:00,65.20999908447266,65.22000122070312,65.16999816894531,65.19999694824219,95.0
2025-06-27 16:12:00+00:00,,,,,
2025-06-27 16:13:00+00:00,65.08000183105469,65.11000061035156,65.08000183105469,65.0999984741211,1643.0
2025-06-27 16:14:00+00:00,65.06999969482422,65.0999984741211,65.04000091552734,65.08000183105469,511.0
2025-06-27 16:15:00+00:00,65.06999969482422,65.12000274658203,65.05000305175781,65.06999969482422,237.0
2025-06-27 16:16:00+00:00,65.0199966430664,65.08000183105469,65.0199966430664,65.06999969482422,144.0
2025-06-27 16:17:00+00:00,65.02999877929688,65.05999755859375,65.0199966430664,65.02999877929688,724.0
2025-06-27 16:18:00+00:00,65.01000213623047,65.05000305175781,65.0,65.04000091552734,198.0
2025-06-27 16:19:00+00:00,65.02999877929688,65.05999755859375,65.0199966430664,65.0199966430664,801.0
2025-06-27 16:20:00+00:00,65.08999633789062,65.08999633789062,65.01000213623047,65.0199966430664,203.0
2025-06-27 16:21:00+00:00,65.05000305175781,65.11000061035156,65.02999877929688,65.08999633789062,2212.0
2025-06-27 16:22:00+00:00,65.0199966430664,65.05999755859375,65.0199966430664,65.05000305175781,570.0
2025-06-27 16:23:00+00:00,65.05000305175781,65.08000183105469,65.0199966430664,65.02999877929688,203.0
2025-06-27 16:24:00+00:00,65.06999969482422,65.0999984741211,65.05000305175781,65.05000305175781,1101.0
2025-06-27 16:25:00+00:00,65.05000305175781,65.05999755859375,65.0199966430664,65.05999755859375,352.0
2025-06-27 16:26:00+00:00,65.04000091552734,65.06999969482422,65.04000091552734,65.05999755859375,175.0
2025-06-27 16:27:00+00:00,65.0199966430664,65.05000305175781,65.0199966430664,65.04000091552734,263.0
2025-06-27 16:28:00+00:00,65.0999984741211,65.11000061035156,65.01000213623047,65.01000213623047,323.0
2025-06-27 16:29:00+00:00,65.11000061035156,65.16999816894531,65.08000183105469,65.11000061035156,2177.0
2025-06-27 16:30:00+00:00,65.06999969482422,65.11000061035156,65.05999755859375,65.11000061035156,179.0
2025-06-27 16:31:00+00:00,65.12999725341797,65.13999938964844,65.05000305175781,65.06999969482422,293.0
2025-06-27 16:32:00+00:00,65.08000183105469,65.16999816894531,65.08000183105469,65.13999938964844,188.0
2025-06-27 16:33:00+00:00,65.06999969482422,65.11000061035156,65.05999755859375,65.06999969482422,231.0
2025-06-27 16:34:00+00:00,65.0199966430664,65.08000183105469,64.98999786376953,65.08000183105469,830.0
2025-06-27 16:35:00+00:00,64.97000122070312,65.04000091552734,64.94000244140625,65.0199966430664,1887.0
2025-06-27 16:36:00+00:00,65.0,65.01000213623047,64.94999694824219,64.95999908447266,1240.0
2025-06-27 16:37:00+00:00,65.02999877929688,65.05999755859375,65.0,65.01000213623047,291.0
2025-06-27 16:38:00+00:00,65.01000213623047,65.06999969482422,65.01000213623047,65.02999877929688,261.0
2025-06-27 16:39:00+00:00,64.95999908447266,65.01000213623047,64.94000244140625,65.01000213623047,251.0
2025-06-27 16:40:00+00:00,65.05000305175781,65.05000305175781,64.95999908447266,64.97000122070312,224.0
2025-06-27 16:41:00+00:00,65.05999755859375,65.05999755859375,65.02999877929688,65.05999755859375,142.0
2025-06-27 16:42:00+00:00,65.06999969482422,65.08000183105469,65.04000091552734,65.06999969482422,217.0
2025-06-27 16:43:00+00:00,65.16000366210938,65.16000366210938,65.06999969482422,65.06999969482422,241.0
2025-06-27 16:44:00+00:00,65.1500015258789,65.20999908447266,65.12999725341797,65.16000366210938,1513.0
2025-06-27 16:45:00+00:00,65.11000061035156,65.16000366210938,65.11000061035156,65.1500015258789,112.0
2025-06-27 16:46:00+00:00,65.12000274658203,65.12000274658203,65.0999984741211,65.12000274658203,91.0
2025-06-27 16:47:00+00:00,65.04000091552734,65.11000061035156,65.04000091552734,65.11000061035156,1256.0
2025-06-27 16:48:00+00:00,65.05999755859375,65.08000183105469,65.05000305175781,65.05000305175781,214.0
2025-06-27 16:49:00+00:00,,,,,
2025-06-27 16:50:00+00:00,65.05999755859375,65.06999969482422,65.05000305175781,65.05999755859375,586.0
2025-06-27 16:51:00+00:00,65.11000061035156,65.11000061035156,65.05000305175781,65.06999969482422,523.0
2025-06-27 16:52:00+00:00,65.08000183105469,65.12000274658203,65.08000183105469,65.0999984741211,67.0
2025-06-27 16:53:00+00:00,65.13999938964844,65.16000366210938,65.08000183105469,65.08000183105469,140.0
2025-06-27 16:54:00+00:00,65.13999938964844,65.18000030517578,65.12999725341797,65.1500015258789,194.0
2025-06-27 16:55:00+00:00,65.1500015258789,65.1500015258789,65.0999984741211,65.1500015258789,47.0
2025-06-27 16:56:00+00:00,65.16999816894531,65.16999816894531,65.1500015258789,65.1500015258789,83.0
2025-06-27 16:57:00+00:00,65.16999816894531,65.19999694824219,65.16999816894531,65.16999816894531,146.0
2025-06-27 16:58:00+00:00,65.16000366210938,65.16999816894531,65.13999938964844,65.16999816894531,74.0
2025-06-27 16:59:00+00:00,65.12999725341797,65.19000244140625,65.12000274658203,65.16000366210938,370.0
2025-06-27 17:00:00+00:00,65.12999725341797,65.13999938964844,65.0999984741211,65.13999938964844,72.0
2025-06-27 17:01:00+00:00,65.06999969482422,65.12999725341797,65.05000305175781,65.12999725341797,313.0
2025-06-27 17:02:00+00:00,65.12000274658203,65.12999725341797,65.06999969482422,65.06999969482422,262.0
2025-06-27 17:03:00+00:00,65.06999969482422,65.13999938964844,65.06999969482422,65.12999725341797,454.0
2025-06-27 17:04:00+00:00,65.04000091552734,65.06999969482422,65.04000091552734,65.06999969482422,153.0
2025-06-27 17:05:00+00:00,65.05000305175781,65.05999755859375,65.02999877929688,65.04000091552734,108.0
2025-06-27 17:06:00+00:00,65.02999877929688,65.05999755859375,65.02999877929688,65.05000305175781,100.0
2025-06-27 17:07:00+00:00,65.06999969482422,65.08000183105469,65.01000213623047,65.04000091552734,231.0
2025-06-27 17:08:00+00:00,65.05999755859375,65.0999984741211,65.05999755859375,65.06999969482422,108.0
2025-06-27 17:09:00+00:00,65.06999969482422,65.08000183105469,65.0,65.05999755859375,361.0
2025-06-27 17:10:00+00:00,65.22000122070312,65.26000213623047,65.04000091552734,65.06999969482422,1672.0
2025-06-27 17:11:00+00:00,65.33999633789062,65.33999633789062,65.22000122070312,65.2300033569336,841.0
2025-06-27 17:12:00+00:00,65.30000305175781,65.38999938964844,65.25,65.33999633789062,639.0
2025-06-27 17:13:00+00:00,65.22000122070312,65.30000305175781,65.19999694824219,65.29000091552734,301.0
2025-06-27 17:14:00+00:00,65.20999908447266,65.22000122070312,65.18000030517578,65.22000122070312,213.0
2025-06-27 17:15:00+00:00,65.16999816894531,65.2300033569336,65.12999725341797,65.22000122070312,338.0
2025-06-27 17:16:00+00:00,65.13999938964844,65.18000030517578,65.13999938964844,65.16000366210938,125.0
2025-06-27 17:17:00+00:00,65.19999694824219,65.19999694824219,65.13999938964844,65.1500015258789,411.0
2025-06-27 17:18:00+00:00,65.2300033569336,65.25,65.20999908447266,65.20999908447266,92.0
2025-06-27 17:19:00+00:00,65.23999786376953,65.27999877929688,65.19000244140625,65.22000122070312,804.0
2025-06-27 17:20:00+00:00,,,,,
2025-06-27 17:21:00+00:00,65.26000213623047,65.2699966430664,65.26000213623047,65.2699966430664,414.0
2025-06-27 17:22:00+00:00,65.2699966430664,65.30000305175781,65.26000213623047,65.26000213623047,183.0
2025-06-27 17:23:00+00:00,65.33999633789062,65.3499984741211,65.2699966430664,65.2699966430664,208.0
2025-06-27 17:24:00+00:00,65.36000061035156,65.43000030517578,65.33999633789062,65.3499984741211,443.0
2025-06-27 17:25:00+00:00,65.37000274658203,65.37999725341797,65.36000061035156,65.36000061035156,119.0
2025-06-27 17:26:00+00:00,65.33000183105469,65.37000274658203,65.30999755859375,65.37000274658203,465.0
2025-06-27 17:27:00+00:00,65.33000183105469,65.37000274658203,65.33000183105469,65.33999633789062,114.0
2025-06-27 17:28:00+00:00,65.33999633789062,65.3499984741211,65.30999755859375,65.33000183105469,247.0
2025-06-27 17:29:00+00:00,65.36000061035156,65.36000061035156,65.31999969482422,65.33999633789062,138.0
2025-06-27 17:30:00+00:00,65.41000366210938,65.41999816894531,65.3499984741211,65.3499984741211,273.0
2025-06-27 17:31:00+00:00,65.44000244140625,65.44999694824219,65.41000366210938,65.41999816894531,308.0
2025-06-27 17:32:00+00:00,65.47000122070312,65.4800033569336,65.41999816894531,65.44000244140625,187.0
2025-06-27 17:33:00+00:00,65.44999694824219,65.47000122070312,65.44000244140625,65.45999908447266,258.0
2025-06-27 17:34:00+00:00,65.43000030517578,65.45999908447266,65.41999816894531,65.45999908447266,122.0
2025-06-27 17:35:00+00:00,65.4000015258789,65.43000030517578,65.37999725341797,65.41999816894531,137.0
2025-06-27 17:36:00+00:00,65.4000015258789,65.41999816894531,65.4000015258789,65.41000366210938,84.0
2025-06-27 17:37:00+00:00,65.3499984741211,65.41000366210938,65.33999633789062,65.4000015258789,154.0
2025-06-27 17:38:00+00:00,65.31999969482422,65.38999938964844,65.30999755859375,65.33999633789062,679.0
2025-06-27 17:39:00+00:00,65.37000274658203,65.37999725341797,65.30000305175781,65.31999969482422,354.0
2025-06-27 17:40:00+00:00,65.33000183105469,65.37999725341797,65.33000183105469,65.37000274658203,142.0
2025-06-27 17:41:00+00:00,65.33999633789062,65.3499984741211,65.30999755859375,65.33999633789062,504.0
2025-06-27 17:42:00+00:00,65.33000183105469,65.3499984741211,65.31999969482422,65.33999633789062,223.0
2025-06-27 17:43:00+00:00,65.30000305175781,65.33999633789062,65.30000305175781,65.31999969482422,137.0
2025-06-27 17:44:00+00:00,65.30000305175781,65.30000305175781,65.23999786376953,65.29000091552734,296.0
2025-06-27 17:45:00+00:00,65.29000091552734,65.33000183105469,65.27999877929688,65.30000305175781,377.0
2025-06-27 17:46:00+00:00,65.2699966430664,65.30000305175781,65.23999786376953,65.29000091552734,183.0
2025-06-27 17:47:00+00:00,65.33999633789062,65.33999633789062,65.26000213623047,65.2699966430664,303.0
2025-06-27 17:48:00+00:00,65.33999633789062,65.36000061035156,65.33000183105469,65.33000183105469,114.0
2025-06-27 17:49:00+00:00,65.4000015258789,65.41000366210938,65.30999755859375,65.33999633789062,183.0
2025-06-27 17:50:00+00:00,65.48999786376953,65.5199966430664,65.41000366210938,65.41000366210938,903.0
2025-06-27 17:51:00+00:00,65.5,65.5199966430664,65.44999694824219,65.48999786376953,562.0
2025-06-27 17:52:00+00:00,65.45999908447266,65.51000213623047,65.44999694824219,65.5,121.0
2025-06-27 17:53:00+00:00,65.4000015258789,65.47000122070312,65.4000015258789,65.47000122070312,163.0
2025-06-27 17:54:00+00:00,65.44999694824219,65.44999694824219,65.41000366210938,65.41000366210938,163.0
2025-06-27 17:55:00+00:00,65.45999908447266,65.4800033569336,65.41999816894531,65.44999694824219,163.0
2025-06-27 17:56:00+00:00,65.48999786376953,65.48999786376953,65.45999908447266,65.47000122070312,101.0
2025-06-27 17:57:00+00:00,65.48999786376953,65.52999877929688,65.4800033569336,65.48999786376953,232.0
2025-06-27 17:58:00+00:00,65.51000213623047,65.5199966430664,65.4800033569336,65.48999786376953,129.0
2025-06-27 17:59:00+00:00,65.48999786376953,65.5199966430664,65.4800033569336,65.51000213623047,177.0
2025-06-27 18:00:00+00:00,65.47000122070312,65.52999877929688,65.45999908447266,65.5,202.0
2025-06-27 18:01:00+00:00,65.45999908447266,65.4800033569336,65.44000244140625,65.47000122070312,124.0
2025-06-27 18:02:00+00:00,65.43000030517578,65.47000122070312,65.43000030517578,65.45999908447266,365.0
2025-06-27 18:03:00+00:00,65.45999908447266,65.4800033569336,65.43000030517578,65.43000030517578,181.0
2025-06-27 18:04:00+00:00,65.48999786376953,65.48999786376953,65.45999908447266,65.47000122070312,173.0
2025-06-27 18:05:00+00:00,65.55000305175781,65.55999755859375,65.44000244140625,65.4800033569336,1115.0
2025-06-27 18:06:00+00:00,65.47000122070312,65.55000305175781,65.45999908447266,65.55000305175781,240.0
2025-06-27 18:07:00+00:00,65.44000244140625,65.45999908447266,65.41000366210938,65.45999908447266,239.0
2025-06-27 18:08:00+00:00,65.45999908447266,65.48999786376953,65.41000366210938,65.44999694824219,194.0
2025-06-27 18:09:00+00:00,65.48999786376953,65.48999786376953,65.45999908447266,65.47000122070312,109.0
2025-06-27 18:10:00+00:00,65.45999908447266,65.5,65.44999694824219,65.4800033569336,267.0
2025-06-27 18:11:00+00:00,65.4000015258789,65.47000122070312,65.38999938964844,65.45999908447266,158.0
2025-06-27 18:12:00+00:00,65.41000366210938,65.41999816894531,65.38999938964844,65.38999938964844,190.0
2025-06-27 18:13:00+00:00,65.4800033569336,65.51000213623047,65.4000015258789,65.41000366210938,508.0
2025-06-27 18:14:00+00:00,65.4800033569336,65.5,65.45999908447266,65.48999786376953,214.0
2025-06-27 18:15:00+00:00,65.5,65.51000213623047,65.45999908447266,65.4800033569336,242.0
2025-06-27 18:16:00+00:00,65.5199966430664,65.52999877929688,65.5,65.51000213623047,166.0
2025-06-27 18:17:00+00:00,65.5199966430664,65.52999877929688,65.51000213623047,65.51000213623047,113.0
2025-06-27 18:18:00+00:00,,,,,
2025-06-27 18:19:00+00:00,,,,,
2025-06-27 18:20:00+00:00,,,,,
2025-06-27 18:21:00+00:00,65.58000183105469,65.61000061035156,65.58000183105469,65.5999984741211,2708.0
2025-06-27 18:22:00+00:00,65.5199966430664,65.61000061035156,65.4800033569336,65.58000183105469,1173.0
2025-06-27 18:23:00+00:00,65.55999755859375,65.55999755859375,65.5,65.52999877929688,483.0
2025-06-27 18:24:00+00:00,65.4800033569336,65.55999755859375,65.47000122070312,65.55999755859375,659.0
2025-06-27 18:25:00+00:00,65.55000305175781,65.55000305175781,65.47000122070312,65.48999786376953,503.0
2025-06-27 18:26:00+00:00,65.55999755859375,65.58000183105469,65.54000091552734,65.55999755859375,674.0
2025-06-27 18:27:00+00:00,65.54000091552734,65.55999755859375,65.5199966430664,65.55000305175781,463.0
2025-06-27 18:28:00+00:00,65.48999786376953,65.61000061035156,65.4800033569336,65.54000091552734,3936.0
2025-06-27 18:29:00+00:00,65.44999694824219,65.54000091552734,65.44999694824219,65.5,3075.0
2025-06-27 18:30:00+00:00,65.41999816894531,65.4800033569336,65.41000366210938,65.44999694824219,1225.0
2025-06-27 18:31:00+00:00,65.4000015258789,65.43000030517578,65.38999938964844,65.41999816894531,479.0
2025-06-27 18:32:00+00:00,65.41999816894531,65.43000030517578,65.36000061035156,65.4000015258789,409.0
2025-06-27 18:33:00+00:00,65.44000244140625,65.44000244140625,65.41000366210938,65.41000366210938,388.0
2025-06-27 18:34:00+00:00,65.4000015258789,65.44000244140625,65.38999938964844,65.43000030517578,232.0
2025-06-27 18:35:00+00:00,65.4000015258789,65.41000366210938,65.37999725341797,65.41000366210938,100.0
2025-06-27 18:36:00+00:00,65.36000061035156,65.37999725341797,65.33999633789062,65.37999725341797,136.0
2025-06-27 18:37:00+00:00,65.3499984741211,65.36000061035156,65.33999633789062,65.36000061035156,47.0
2025-06-27 18:38:00+00:00,,,,,
2025-06-27 18:39:00+00:00,65.3499984741211,65.36000061035156,65.3499984741211,65.36000061035156,265.0
2025-06-27 18:40:00+00:00,65.33000183105469,65.36000061035156,65.33000183105469,65.3499984741211,87.0
2025-06-27 18:41:00+00:00,65.30000305175781,65.33000183105469,65.27999877929688,65.33000183105469,252.0
2025-06-27 18:42:00+00:00,65.30000305175781,65.31999969482422,65.29000091552734,65.30000305175781,63.0
2025-06-27 18:43:00+00:00,65.33000183105469,65.33999633789062,65.30000305175781,65.30999755859375,118.0
2025-06-27 18:44:00+00:00,,,,,
2025-06-27 18:45:00+00:00,65.36000061035156,65.36000061035156,65.3499984741211,65.3499984741211,230.0
2025-06-27 18:46:00+00:00,65.36000061035156,65.37000274658203,65.33999633789062,65.33999633789062,86.0
2025-06-27 18:47:00+00:00,65.37000274658203,65.38999938964844,65.36000061035156,65.36000061035156,81.0
2025-06-27 18:48:00+00:00,65.37999725341797,65.38999938964844,65.37000274658203,65.37000274658203,73.0
2025-06-27 18:49:00+00:00,65.3499984741211,65.38999938964844,65.3499984741211,65.37999725341797,101.0
2025-06-27 18:50:00+00:00,65.33999633789062,65.36000061035156,65.31999969482422,65.3499984741211,238.0
2025-06-27 18:51:00+00:00,65.33999633789062,65.36000061035156,65.33999633789062,65.33999633789062,28.0
2025-06-27 18:52:00+00:00,65.31999969482422,65.3499984741211,65.31999969482422,65.3499984741211,79.0
2025-06-27 18:53:00+00:00,65.30000305175781,65.33000183105469,65.30000305175781,65.33000183105469,51.0
2025-06-27 18:54:00+00:00,65.31999969482422,65.31999969482422,65.30000305175781,65.30000305175781,63.0
2025-06-27 18:55:00+00:00,65.30999755859375,65.31999969482422,65.30999755859375,65.31999969482422,21.0
2025-06-27 18:56:00+00:00,65.30999755859375,65.33000183105469,65.30000305175781,65.31999969482422,67.0
2025-06-27 18:57:00+00:00,65.30999755859375,65.30999755859375,65.30000305175781,65.30999755859375,55.0
2025-06-27 18:58:00+00:00,65.31999969482422,65.31999969482422,65.30999755859375,65.30999755859375,44.0
2025-06-27 18:59:00+00:00,65.31999969482422,65.31999969482422,65.30000305175781,65.30999755859375,24.0
2025-06-27 19:00:00+00:00,65.30000305175781,65.31999969482422,65.29000091552734,65.30999755859375,110.0
2025-06-27 19:01:00+00:00,65.30999755859375,65.31999969482422,65.29000091552734,65.30000305175781,66.0
2025-06-27 19:02:00+00:00,65.30999755859375,65.30999755859375,65.30000305175781,65.30999755859375,48.0
2025-06-27 19:03:00+00:00,65.30999755859375,65.30999755859375,65.30999755859375,65.30999755859375,22.0
2025-06-27 19:04:00+00:00,65.30999755859375,65.31999969482422,65.30999755859375,65.30999755859375,41.0
2025-06-27 19:05:00+00:00,65.30000305175781,65.30999755859375,65.30000305175781,65.30999755859375,49.0
2025-06-27 19:06:00+00:00,65.29000091552734,65.30000305175781,65.29000091552734,65.29000091552734,56.0
2025-06-27 19:07:00+00:00,65.29000091552734,65.29000091552734,65.27999877929688,65.29000091552734,247.0
2025-06-27 19:08:00+00:00,65.27999877929688,65.29000091552734,65.27999877929688,65.29000091552734,61.0
2025-06-27 19:09:00+00:00,65.26000213623047,65.27999877929688,65.26000213623047,65.2699966430664,329.0
2025-06-27 19:10:00+00:00,65.25,65.26000213623047,65.2300033569336,65.26000213623047,118.0
2025-06-27 19:11:00+00:00,65.2300033569336,65.26000213623047,65.2300033569336,65.26000213623047,17.0
2025-06-27 19:12:00+00:00,,,,,
2025-06-27 19:13:00+00:00,,,,,
2025-06-27 19:14:00+00:00,65.16000366210938,65.18000030517578,65.16000366210938,65.16999816894531,434.0
2025-06-27 19:15:00+00:00,65.19000244140625,65.19999694824219,65.16999816894531,65.16999816894531,101.0
2025-06-27 19:16:00+00:00,65.16999816894531,65.19000244140625,65.16999816894531,65.19000244140625,155.0
2025-06-27 19:17:00+00:00,65.19000244140625,65.19000244140625,65.16999816894531,65.16999816894531,23.0
2025-06-27 19:18:00+00:00,65.18000030517578,65.19999694824219,65.16999816894531,65.19999694824219,299.0
2025-06-27 19:19:00+00:00,65.16000366210938,65.16999816894531,65.1500015258789,65.16000366210938,142.0
2025-06-27 19:20:00+00:00,65.16999816894531,65.16999816894531,65.1500015258789,65.1500015258789,22.0
2025-06-27 19:21:00+00:00,65.18000030517578,65.19000244140625,65.16999816894531,65.16999816894531,26.0
2025-06-27 19:22:00+00:00,65.19000244140625,65.19999694824219,65.18000030517578,65.18000030517578,140.0
2025-06-27 19:23:00+00:00,65.19000244140625,65.19999694824219,65.18000030517578,65.19000244140625,42.0
2025-06-27 19:24:00+00:00,65.18000030517578,65.19000244140625,65.16999816894531,65.19000244140625,16.0
2025-06-27 19:25:00+00:00,65.18000030517578,65.18000030517578,65.16999816894531,65.18000030517578,12.0
2025-06-27 19:26:00+00:00,65.16000366210938,65.16999816894531,65.1500015258789,65.16999816894531,20.0
2025-06-27 19:27:00+00:00,65.16000366210938,65.16000366210938,65.1500015258789,65.16000366210938,68.0
2025-06-27 19:28:00+00:00,65.1500015258789,65.16000366210938,65.1500015258789,65.1500015258789,152.0
2025-06-27 19:29:00+00:00,65.18000030517578,65.18000030517578,65.16000366210938,65.16999816894531,50.0
2025-06-27 19:30:00+00:00,65.19000244140625,65.19999694824219,65.18000030517578,65.18000030517578,64.0
2025-06-27 19:31:00+00:00,65.16999816894531,65.19000244140625,65.16999816894531,65.19000244140625,18.0
2025-06-27 19:32:00+00:00,65.1500015258789,65.16000366210938,65.13999938964844,65.16000366210938,80.0
2025-06-27 19:33:00+00:00,65.12000274658203,65.1500015258789,65.12000274658203,65.1500015258789,80.0
2025-06-27 19:34:00+00:00,65.0999984741211,65.12000274658203,65.0999984741211,65.11000061035156,46.0
2025-06-27 19:35:00+00:00,65.08999633789062,65.08999633789062,65.06999969482422,65.08999633789062,51.0
2025-06-27 19:36:00+00:00,65.0999984741211,65.11000061035156,65.08999633789062,65.0999984741211,64.0
2025-06-27 19:37:00+00:00,65.08000183105469,65.08999633789062,65.08000183105469,65.08999633789062,14.0
2025-06-27 19:38:00+00:00,65.06999969482422,65.08000183105469,65.06999969482422,65.08000183105469,29.0
2025-06-27 19:39:00+00:00,65.06999969482422,65.08000183105469,65.05999755859375,65.06999969482422,23.0
2025-06-27 19:40:00+00:00,65.05999755859375,65.06999969482422,65.04000091552734,65.05999755859375,80.0
2025-06-27 19:41:00+00:00,65.06999969482422,65.06999969482422,65.05999755859375,65.05999755859375,24.0
2025-06-27 19:42:00+00:00,65.06999969482422,65.06999969482422,65.05999755859375,65.06999969482422,42.0
2025-06-27 19:43:00+00:00,65.06999969482422,65.08000183105469,65.05999755859375,65.06999969482422,55.0
2025-06-27 19:44:00+00:00,65.06999969482422,65.08000183105469,65.05999755859375,65.06999969482422,44.0
2025-06-27 19:45:00+00:00,,,,,
2025-06-27 19:46:00+00:00,65.06999969482422,65.06999969482422,65.06999969482422,65.06999969482422,103.0
2025-06-27 19:47:00+00:00,65.05999755859375,65.06999969482422,65.05000305175781,65.06999969482422,39.0
2025-06-27 19:48:00+00:00,65.08000183105469,65.08999633789062,65.05000305175781,65.05000305175781,81.0
2025-06-27 19:49:00+00:00,65.06999969482422,65.08999633789062,65.06999969482422,65.08999633789062,31.0
2025-06-27 19:50:00+00:00,65.08000183105469,65.08999633789062,65.06999969482422,65.06999969482422,45.0
2025-06-27 19:51:00+00:00,65.06999969482422,65.08999633789062,65.05999755859375,65.08000183105469,45.0
2025-06-27 19:52:00+00:00,65.08000183105469,65.08000183105469,65.05999755859375,65.05999755859375,38.0
2025-06-27 19:53:00+00:00,65.11000061035156,65.12000274658203,65.08999633789062,65.08999633789062,70.0
2025-06-27 19:54:00+00:00,65.0999984741211,65.12000274658203,65.0999984741211,65.0999984741211,120.0
2025-06-27 19:55:00+00:00,65.12000274658203,65.13999938964844,65.0999984741211,65.0999984741211,79.0
2025-06-27 19:56:00+00:00,65.1500015258789,65.1500015258789,65.12000274658203,65.12000274658203,112.0
2025-06-27 19:57:00+00:00,65.1500015258789,65.1500015258789,65.12999725341797,65.13999938964844,110.0
2025-06-27 19:58:00+00:00,65.11000061035156,65.12999725341797,65.11000061035156,65.12999725341797,58.0
2025-06-27 19:59:00+00:00,65.12000274658203,65.12999725341797,65.0999984741211,65.11000061035156,105.0
2025-06-27 20:00:00+00:00,65.13999938964844,65.13999938964844,65.12000274658203,65.12999725341797,73.0
2025-06-27 20:01:00+00:00,65.1500015258789,65.1500015258789,65.12999725341797,65.12999725341797,40.0
2025-06-27 20:02:00+00:00,65.12999725341797,65.1500015258789,65.12000274658203,65.1500015258789,42.0
2025-06-27 20:03:00+00:00,65.12999725341797,65.16000366210938,65.12000274658203,65.12999725341797,39.0
2025-06-27 20:04:00+00:00,65.12999725341797,65.13999938964844,65.11000061035156,65.12999725341797,54.0
2025-06-27 20:05:00+00:00,65.12999725341797,65.13999938964844,65.12000274658203,65.12000274658203,34.0
2025-06-27 20:06:00+00:00,65.12000274658203,65.12999725341797,65.12000274658203,65.12999725341797,18.0
2025-06-27 20:07:00+00:00,65.12999725341797,65.12999725341797,65.11000061035156,65.12000274658203,12.0
2025-06-27 20:08:00+00:00,65.12000274658203,65.13999938964844,65.12000274658203,65.13999938964844,14.0
2025-06-27 20:09:00+00:00,65.13999938964844,65.13999938964844,65.12999725341797,65.12999725341797,28.0
2025-06-27 20:10:00+00:00,65.13999938964844,65.16000366210938,65.13999938964844,65.1500015258789,16.0
2025-06-27 20:11:00+00:00,65.16999816894531,65.18000030517578,65.1500015258789,65.1500015258789,24.0
2025-06-27 20:12:00+00:00,65.16999816894531,65.19999694824219,65.16999816894531,65.18000030517578,141.0
2025-06-27 20:13:00+00:00,65.16000366210938,65.16000366210938,65.12000274658203,65.16000366210938,128.0
2025-06-27 20:14:00+00:00,65.1500015258789,65.1500015258789,65.1500015258789,65.1500015258789,13.0
2025-06-27 20:15:00+00:00,65.12999725341797,65.16000366210938,65.12000274658203,65.1500015258789,40.0
2025-06-27 20:16:00+00:00,65.12000274658203,65.12999725341797,65.11000061035156,65.12999725341797,53.0
2025-06-27 20:17:00+00:00,65.08999633789062,65.12000274658203,65.08999633789062,65.11000061035156,48.0
2025-06-27 20:18:00+00:00,65.11000061035156,65.11000061035156,65.0999984741211,65.0999984741211,70.0
2025-06-27 20:19:00+00:00,65.11000061035156,65.12000274658203,65.11000061035156,65.11000061035156,4.0
2025-06-27 20:20:00+00:00,65.11000061035156,65.12999725341797,65.11000061035156,65.12000274658203,80.0
2025-06-27 20:21:00+00:00,65.0999984741211,65.12000274658203,65.0999984741211,65.12000274658203,7.0
2025-06-27 20:22:00+00:00,65.05999755859375,65.0999984741211,65.05999755859375,65.0999984741211,25.0
2025-06-27 20:23:00+00:00,65.08999633789062,65.08999633789062,65.06999969482422,65.06999969482422,9.0
2025-06-27 20:24:00+00:00,65.06999969482422,65.08999633789062,65.05999755859375,65.08999633789062,35.0
2025-06-27 20:25:00+00:00,65.06999969482422,65.08000183105469,65.05999755859375,65.05999755859375,34.0
2025-06-27 20:26:00+00:00,65.08000183105469,65.08000183105469,65.05999755859375,65.06999969482422,24.0
2025-06-27 20:27:00+00:00,65.06999969482422,65.08000183105469,65.06999969482422,65.08000183105469,3.0
2025-06-27 20:28:00+00:00,65.06999969482422,65.08000183105469,65.06999969482422,65.08000183105469,16.0
2025-06-27 20:29:00+00:00,65.05000305175781,65.05999755859375,65.05000305175781,65.05999755859375,62.0
2025-06-27 20:30:00+00:00,65.08000183105469,65.08000183105469,65.05999755859375,65.05999755859375,68.0
2025-06-27 20:31:00+00:00,65.06999969482422,65.08000183105469,65.05999755859375,65.08000183105469,18.0
2025-06-27 20:32:00+00:00,65.08000183105469,65.08000183105469,65.06999969482422,65.06999969482422,21.0
2025-06-27 20:33:00+00:00,65.06999969482422,65.06999969482422,65.06999969482422,65.06999969482422,8.0
2025-06-27 20:34:00+00:00,65.05000305175781,65.06999969482422,65.05000305175781,65.06999969482422,12.0
2025-06-27 20:35:00+00:00,65.08000183105469,65.08000183105469,65.05000305175781,65.05999755859375,44.0
2025-06-27 20:36:00+00:00,,,,,
2025-06-27 20:37:00+00:00,,,,,
2025-06-27 20:38:00+00:00,65.06999969482422,65.08000183105469,65.05999755859375,65.05999755859375,70.0
2025-06-27 20:39:00+00:00,,,,,
2025-06-27 20:40:00+00:00,65.06999969482422,65.0999984741211,65.06999969482422,65.06999969482422,27.0
2025-06-27 20:41:00+00:00,65.11000061035156,65.12000274658203,65.08999633789062,65.08999633789062,75.0
2025-06-27 20:42:00+00:00,65.11000061035156,65.11000061035156,65.0999984741211,65.0999984741211,109.0
2025-06-27 20:43:00+00:00,65.12000274658203,65.12000274658203,65.0999984741211,65.0999984741211,15.0
2025-06-27 20:44:00+00:00,65.11000061035156,65.1500015258789,65.08999633789062,65.12000274658203,561.0
2025-06-27 20:45:00+00:00,65.12000274658203,65.12999725341797,65.11000061035156,65.11000061035156,26.0
2025-06-27 20:46:00+00:00,65.12999725341797,65.12999725341797,65.12000274658203,65.12999725341797,13.0
2025-06-27 20:47:00+00:00,65.12000274658203,65.12000274658203,65.12000274658203,65.12000274658203,7.0
2025-06-27 20:48:00+00:00,65.11000061035156,65.12000274658203,65.11000061035156,65.11000061035156,21.0
2025-06-27 20:49:00+00:00,65.08999633789062,65.12999725341797,65.08999633789062,65.11000061035156,83.0
2025-06-27 20:50:00+00:00,65.0999984741211,65.12000274658203,65.06999969482422,65.0999984741211,26.0
2025-06-27 20:51:00+00:00,65.12000274658203,65.13999938964844,65.08999633789062,65.08999633789062,45.0
2025-06-27 20:52:00+00:00,65.08000183105469,65.12000274658203,65.08000183105469,65.12000274658203,16.0
2025-06-27 20:53:00+00:00,65.08999633789062,65.0999984741211,65.08999633789062,65.08999633789062,44.0
2025-06-27 20:54:00+00:00,65.08000183105469,65.08999633789062,65.08000183105469,65.08999633789062,3.0
2025-06-27 20:55:00+00:00,65.08000183105469,65.08999633789062,65.06999969482422,65.08000183105469,16.0
2025-06-27 20:56:00+00:00,65.08000183105469,65.08999633789062,65.08000183105469,65.08000183105469,10.0
2025-06-27 20:57:00+00:00,65.08999633789062,65.0999984741211,65.08000183105469,65.08999633789062,62.0
2025-06-27 20:58:00+00:00,65.0999984741211,65.0999984741211,65.08999633789062,65.08999633789062,25.0
2025-06-27 20:59:00+00:00,65.06999969482422,65.08999633789062,65.05999755859375,65.08000183105469,119.0
